Date,Open,High,Low,Close,Volume,OI,P,R,RINFO
20140526,244875.0,247488.0,244638.0,247438.0,73803,134228,0,0,0.0
20140527,247125.0,248875.0,247050.0,248725.0,72590,134367,0,0,0.0
20140528,249088.0,249350.0,247513.0,248063.0,37961,133783,0,0,0.0
20140529,248488.0,249088.0,248013.0,248913.0,64535,134300,0,0,0.0
20140530,248575.0,249450.0,248125.0,248838.0,61483,134103,0,0,0.0
20140602,249300.0,249825.0,247688.0,249050.0,64689,134148,0,0,0.0
20140603,248850.0,249038.0,247175.0,247863.0,72052,132640,0,0,0.0
20140604,247475.0,248563.0,246700.0,248500.0,135580,134648,0,0,0.0
20140605,248350.0,250425.0,247400.0,249100.0,84596,132912,201409,201409,0.0
20140606,249400.0,250350.0,248763.0,250350.0,38184,9990,0,0,50.0
20140609,250288.0,250700.0,249825.0,250400.0,63437,10637,0,0,0.0
20140610,250113.0,250975.0,249875.0,250800.0,92321,11352,0,0,0.0
20140611,250638.0,250750.0,248175.0,248800.0,86756,13402,0,0,0.0
20140612,249113.0,249450.0,247538.0,248750.0,119900,20692,0,0,0.0
20140613,248750.0,248775.0,245875.0,247788.0,126340,32363,0,0,0.0
20140616,247375.0,248313.0,246963.0,247750.0,229850,50937,0,0,0.0
20140617,248150.0,249750.0,246663.0,248513.0,203760,85979,0,0,0.0
20140618,248738.0,250288.0,248150.0,249938.0,131300,116328,0,0,0.0
20140619,250275.0,250713.0,249950.0,250263.0,73847,126863,0,0,0.0
20140620,250113.0,251350.0,249500.0,249963.0,75483,130620,0,0,0.0
20140623,250263.0,250463.0,246976.0,248463.0,63723,128254,0,0,0.0
20140624,248325.0,248925.0,247476.0,247588.0,88325,129972,0,0,0.0
20140625,247425.0,248025.0,246001.0,247488.0,92783,128682,0,0,0.0
20140626,247375.0,247800.0,243864.0,246013.0,58765,128643,0,0,0.0
20140627,245625.0,246325.0,244864.0,246275.0,82551,128960,0,0,0.0
20140630,246150.0,247400.0,245089.0,245925.0,67803,129588,0,0,0.0
20140701,246450.0,248325.0,245964.0,247900.0,61219,132667,0,0,0.0
20140702,247663.0,248550.0,247351.0,247950.0,87054,133180,0,0,0.0
20140703,248200.0,251049.0,247764.0,250937.0,70980,139310,0,0,0.0
20140707,250300.0,250462.0,247526.0,247988.0,111630,136744,0,0,0.0
20140708,248175.0,248299.0,243727.0,244626.0,77042,140143,0,0,0.0
20140709,244814.0,245813.0,243840.0,245589.0,137520,138885,0,0,0.0
20140710,245589.0,245600.0,240466.0,242202.0,83171,142031,0,0,0.0
20140711,242202.0,242751.0,240603.0,241877.0,65896,138212,0,0,0.0
20140714,242677.0,244926.0,242303.0,244202.0,95964,136375,0,0,0.0
20140715,244190.0,244776.0,242203.0,243465.0,85821,135027,0,0,0.0
20140716,243377.0,246876.0,243328.0,246676.0,117630,137620,0,0,0.0
20140717,245926.0,246276.0,242103.0,242465.0,97731,136557,0,0,0.0
20140718,242502.0,243740.0,241278.0,242665.0,97034,135362,0,0,0.0
20140721,243177.0,243302.0,239828.0,241027.0,83235,135366,0,0,0.0
20140722,241552.0,243552.0,241166.0,242640.0,73788,134760,0,0,0.0
20140723,242452.0,245102.0,242353.0,244052.0,89583,134683,0,0,0.0
20140724,243827.0,245427.0,241841.0,244527.0,92247,137980,0,0,0.0
20140725,244452.0,244902.0,240503.0,241303.0,94382,137951,0,0,0.0
20140728,241216.0,241891.0,238178.0,240441.0,90522,140376,0,0,0.0
20140729,240503.0,242378.0,239341.0,240541.0,96899,138991,0,0,0.0
20140730,241078.0,242703.0,239316.0,240003.0,154960,137190,0,0,0.0
20140731,239928.0,240141.0,234142.0,234179.0,164620,138498,0,0,0.0
20140801,234854.0,235192.0,228768.0,229805.0,128770,140511,0,0,0.0
20140804,230618.0,231530.0,228218.0,230293.0,117230,139610,0,0,0.0
20140805,229330.0,230943.0,226968.0,227494.0,139620,137270,0,0,0.0
20140806,227805.0,229168.0,225730.0,227781.0,156880,140170,0,0,0.0
20140807,228355.0,229268.0,224330.0,224932.0,150220,140977,0,0,0.0
20140808,223706.0,227493.0,222530.0,227382.0,96683,140006,0,0,0.0
20140811,227505.0,229980.0,227129.0,228907.0,96727,139829,0,0,0.0
20140812,229280.0,229505.0,226129.0,227007.0,89925,144341,0,0,0.0
20140813,227430.0,230343.0,227429.0,230056.0,93821,142078,0,0,0.0
20140814,230217.0,231605.0,228479.0,231044.0,129900,145673,0,0,0.0
20140815,231067.0,233105.0,226017.0,228295.0,134633,145957,0,0,0.0
20140818,230504.0,231705.0,229741.0,231656.0,68580,143907,0,0,0.0
20140819,231742.0,233780.0,231653.0,233406.0,78156,144123,0,0,0.0
20140820,233142.0,233505.0,231091.0,233306.0,83259,145440,0,0,0.0
20140821,233542.0,235143.0,231866.0,234794.0,102370,142536,0,0,0.0
20140822,234667.0,235343.0,232153.0,233631.0,66453,144491,0,0,0.0
20140825,235029.0,237843.0,235015.0,237180.0,89023,146383,0,0,0.0
20140826,236504.0,239780.0,236027.0,239293.0,64655,144382,0,0,0.0
20140827,239628.0,239980.0,238576.0,239043.0,123600,144138,0,0,0.0
20140828,239053.0,239155.0,235315.0,236605.0,93972,141942,0,0,0.0
20140829,237203.0,237905.0,234152.0,236793.0,45821,140029,0,0,0.0
20140901,237016.0,237705.0,235540.0,236855.0,45821,140029,0,0,0.0
20140902,237353.0,239468.0,236627.0,237343.0,97226,138519,0,0,0.0
20140903,237866.0,242093.0,237852.0,240454.0,182020,132806,0,0,0.0
20140904,240291.0,243368.0,238390.0,242729.0,133750,135683,0,0,0.0
20140905,242516.0,244705.0,242164.0,244679.0,79638,139860,201412,201412,0.0
20140908,244566.0,244568.0,243002.0,243667.0,102760,15966,0,0,-63.0
20140909,243116.0,244268.0,242014.0,242267.0,105100,20647,0,0,0.0
20140910,241966.0,243681.0,241014.0,243442.0,115720,20062,0,0,0.0
20140911,243266.0,243381.0,240814.0,242517.0,94981,23128,0,0,0.0
20140912,242854.0,243081.0,240539.0,241092.0,132960,30485,0,0,0.0
20140915,240091.0,242231.0,239789.0,241692.0,225700,46366,0,0,0.0
20140916,241429.0,242006.0,239777.0,242005.0,183860,81531,0,0,0.0
20140917,242004.0,243031.0,241314.0,242042.0,185380,102905,0,0,0.0
20140918,242466.0,245031.0,242152.0,244992.0,120900,117930,0,0,0.0
20140919,246204.0,247418.0,244552.0,244742.0,78204,127036,0,0,0.0
20140922,244079.0,245443.0,243102.0,243405.0,123010,125168,0,0,0.0
20140923,243629.0,243768.0,239327.0,239555.0,106230,127110,0,0,0.0
20140924,239779.0,242206.0,238427.0,242205.0,136799,126148,0,0,0.0
20140925,241966.0,243143.0,236777.0,237167.0,110851,126801,0,0,0.0
20140926,237566.0,238806.0,236414.0,238542.0,120240,125976,0,0,0.0
20140929,237879.0,237893.0,234289.0,235767.0,128450,127953,0,0,0.0
20140930,235891.0,237506.0,235152.0,236305.0,129650,132901,0,0,0.0
20141001,235891.0,238106.0,233252.0,233892.0,171630,133255,0,0,0.0
20141002,234191.0,235418.0,229164.0,230692.0,177858,137646,0,0,0.0
20141003,230416.0,230418.0,230414.0,230417.0,116750,137014,0,0,0.0
20141006,233441.0,233831.0,228677.0,229730.0,140020,133705,0,0,0.0
20141007,229266.0,229568.0,225264.0,225305.0,151730,135437,0,0,0.0
20141008,225479.0,228193.0,224014.0,227917.0,194470,137756,0,0,0.0
20141009,227641.0,228606.0,222277.0,223192.0,207910,135908,0,0,0.0
20141010,223066.0,224056.0,219152.0,219255.0,143460,136397,0,0,0.0
20141013,217516.0,221881.0,217064.0,218142.0,159270,137526,0,0,0.0
20141014,219254.0,221518.0,217527.0,220367.0,220870,135497,0,0,0.0
20141015,220716.0,221431.0,211939.0,215417.0,258140,137673,0,0,0.0
20141016,215666.0,216643.0,208764.0,214055.0,175020,134682,0,0,0.0
20141017,214529.0,221456.0,214089.0,220267.0,129180,135679,0,0,0.0
20141020,221767.0,222143.0,217039.0,219105.0,136660,138010,0,0,0.0
20141021,218217.0,223643.0,216052.0,223542.0,110830,136810,0,0,0.0
20141022,223717.0,224081.0,221014.0,221655.0,141837,136035,0,0,0.0
20141023,221930.0,226868.0,220439.0,225817.0,97741,131493,0,0,0.0
20141024,224905.0,226118.0,223852.0,225505.0,139970,130844,0,0,0.0
20141027,225842.0,227418.0,220889.0,223280.0,101690,130935,0,0,0.0
20141028,223842.0,227993.0,223764.0,227705.0,87565,129750,0,0,0.0
20141029,227455.0,229018.0,225739.0,227130.0,151030,125394,0,0,0.0
20141030,227630.0,229018.0,222464.0,228742.0,141710,128166,0,0,0.0
20141031,232692.0,233618.0,230440.0,232980.0,104290,128166,0,0,0.0
20141103,232742.0,233618.0,230865.0,231742.0,125460,127076,0,0,0.0
20141104,231517.0,233006.0,228703.0,230217.0,113980,124889,0,0,0.0
20141105,231505.0,233306.0,230578.0,232642.0,151050,126244,0,0,0.0
20141106,232067.0,236743.0,231678.0,235142.0,128150,128000,0,0,0.0
20141107,236005.0,236243.0,230953.0,232230.0,97321,125959,0,0,0.0
20141110,232542.0,233831.0,230540.0,233780.0,77353,129844,0,0,0.0
20141111,234017.0,235018.0,233065.0,234117.0,125250,132138,0,0,0.0
20141112,233817.0,233993.0,229690.0,231105.0,128880,136114,0,0,0.0
20141113,231942.0,232793.0,229178.0,231230.0,104990,141029,0,0,0.0
20141114,231517.0,232268.0,229565.0,230867.0,106560,132770,0,0,0.0
20141117,229342.0,233343.0,228140.0,232842.0,104060,135047,0,0,0.0
20141118,233105.0,237256.0,232840.0,237192.0,114930,136861,0,0,0.0
20141119,236655.0,238106.0,235915.0,237142.0,103660,134511,0,0,0.0
20141120,236667.0,237281.0,234453.0,237055.0,164160,138718,0,0,0.0
20141121,237755.0,243456.0,237690.0,242742.0,107542,133774,0,0,0.0
20141124,242767.0,245856.0,242678.0,245330.0,109590,132953,0,0,0.0
20141125,245517.0,248143.0,244640.0,246842.0,94517,134648,0,0,0.0
20141126,247492.0,248706.0,246678.0,248130.0,81024,131751,0,0,0.0
20141127,248805.0,249956.0,248065.0,249380.0,65579,132288,0,0,0.0
20141128,249317.0,250018.0,247603.0,249267.0,103162,133427,0,0,0.0
20141201,248192.0,249618.0,247453.0,249092.0,122960,139547,0,0,0.0
20141202,249592.0,251093.0,247803.0,249142.0,80550,140688,0,0,0.0
20141203,249092.0,250018.0,248328.0,249867.0,156926,138342,0,0,0.0
20141204,250430.0,253193.0,245928.0,247730.0,111946,141870,0,0,0.0
20141205,247642.0,252506.0,247640.0,252067.0,85955,145034,201503,201503,0.0
20141208,252254.0,252418.0,249102.0,249829.0,150556,27815,0,0,88.0
20141209,249030.0,249069.0,244928.0,247205.0,130647,29620,0,0,0.0
20141210,247293.0,247956.0,243628.0,244006.0,150333,30959,0,0,0.0
20141211,244581.0,247931.0,244391.0,245731.0,169420,39156,0,0,0.0
20141212,244544.0,245195.0,238805.0,239246.0,232274,46861,0,0,0.0
20141215,239532.0,242196.0,232682.0,233835.0,445040,62664,0,0,0.0
20141216,234184.0,239572.0,230608.0,235634.0,269220,89959,0,0,0.0
20141217,235872.0,241996.0,235869.0,241545.0,248250,105864,0,0,0.0
20141218,242132.0,247057.0,241479.0,247055.0,151620,117397,0,0,0.0
20141219,248105.0,248370.0,242542.0,245094.0,78382,123417,0,0,0.0
20141222,245406.0,248607.0,245353.0,248055.0,60888,124306,0,0,0.0
20141223,248143.0,248657.0,246553.0,247905.0,75937,124146,0,0,0.0
20141229,248643.0,248895.0,244717.0,248243.0,79995,125744,0,0,0.0
20150102,244869.0,247207.0,242243.0,243969.0,143310,126100,0,0,0.0
20150105,243095.0,244833.0,236195.0,236821.0,149830,127377,0,0,0.0
20150106,236809.0,240722.0,234520.0,236433.0,117030,128386,0,0,0.0
20150107,237684.0,240222.0,236506.0,239845.0,133150,127975,0,0,0.0
20150108,241383.0,246507.0,240255.0,245630.0,141310,129657,0,0,0.0
20150109,245320.0,246632.0,239993.0,241819.0,131590,123765,0,0,0.0
20150112,241471.0,245507.0,240555.0,244205.0,145590,127764,0,0,0.0
20150113,244620.0,249581.0,243842.0,246642.0,177080,134553,0,0,0.0
20150114,244582.0,249169.0,244079.0,246754.0,213390,133543,0,0,0.0
20150115,248781.0,251680.0,239493.0,250128.0,170140,142719,0,0,0.0
20150116,248956.0,257828.0,248527.0,257164.0,79719,140084,0,0,0.0
20150119,256304.0,257453.0,254813.0,256214.0,107840,141315,0,0,0.0
20150120,257804.0,257803.0,255300.0,256901.0,149040,140872,0,0,0.0
20150121,256829.0,257916.0,253750.0,257601.0,153170,139161,0,0,0.0
20150122,257929.0,263639.0,255649.0,262475.0,159390,142431,0,0,0.0
20150123,262428.0,267713.0,262085.0,265424.0,135330,144760,0,0,0.0
20150126,264327.0,271362.0,264234.0,270611.0,138090,148048,0,0,0.0
20150127,270563.0,270624.0,264821.0,266299.0,137890,145891,0,0,0.0
20150128,267976.0,268838.0,263746.0,264649.0,120810,148819,0,0,0.0
20150129,265052.0,270724.0,264896.0,270085.0,121300,152382,0,0,0.0
20150130,269901.0,270462.0,266009.0,266173.0,119980,147112,0,0,0.0
20150202,267402.0,272024.0,266946.0,271834.0,124990,151008,0,0,0.0
20150203,271289.0,274661.0,271083.0,273046.0,115290,151435,0,0,0.0
20150204,273250.0,273473.0,270045.0,270772.0,102560,150563,0,0,0.0
20150205,269876.0,273236.0,269745.0,272197.0,98219,151150,0,0,0.0
20150206,272050.0,272198.0,268845.0,269548.0,114910,151374,0,0,0.0
20150209,268676.0,269412.0,265359.0,266087.0,121540,153368,0,0,0.0
20150210,266914.0,270324.0,264734.0,269836.0,81889,157010,0,0,0.0
20150211,269200.0,269924.0,267370.0,269136.0,113970,156457,0,0,0.0
20150212,269613.0,274386.0,268220.0,274335.0,84794,159376,0,0,0.0
20150213,274424.0,275336.0,273481.0,274310.0,53897,158890,0,0,0.0
20150216,273962.0,274123.0,271007.0,271073.0,103170,158934,0,0,0.0
20150217,270913.0,273648.0,269058.0,272648.0,72559,160263,0,0,0.0
20150218,272563.0,274523.0,272369.0,273973.0,117080,159560,0,0,0.0
20150219,273738.0,275548.0,271732.0,274548.0,135080,158815,0,0,0.0
20150220,274325.0,279035.0,273618.0,277847.0,79467,154952,0,0,0.0
20150223,278287.0,278960.0,276667.0,277935.0,88012,155031,0,0,0.0
20150224,278287.0,280784.0,277167.0,280371.0,65785,157063,0,0,0.0
20150225,280498.0,280746.0,279341.0,279859.0,89182,156894,0,0,0.0
20150226,280661.0,283308.0,279641.0,282895.0,92318,160191,0,0,0.0
20150227,282885.0,284983.0,282503.0,284420.0,83800,161800,0,0,0.0
20150302,285009.0,286345.0,284040.0,285795.0,106720,162724,0,0,0.0
20150303,285346.0,286808.0,281379.0,282759.0,129460,163811,0,0,0.0
20150304,282860.0,285470.0,279766.0,285020.0,110080,166643,0,0,0.0
20150305,285571.0,288294.0,285127.0,287519.0,94755,170866,201506,201506,0.0
20150306,287957.0,290031.0,287425.0,287956.0,83307,17876,0,0,338.0
20150309,287832.0,290206.0,286601.0,289529.0,125650,18658,0,0,0.0
20150310,289268.0,289382.0,285116.0,287894.0,150210,19808,0,0,0.0
20150311,288294.0,296347.0,288286.0,295658.0,181900,22643,0,0,0.0
20150312,296145.0,296347.0,293953.0,295920.0,160780,33112,0,0,0.0
20150313,296258.0,299517.0,293615.0,298766.0,231950,41940,0,0,0.0
20150316,298904.0,305633.0,298408.0,304171.0,306350,69451,0,0,0.0
20150317,303934.0,304997.0,298296.0,300413.0,347010,107227,0,0,0.0
20150318,300727.0,300915.0,295562.0,297131.0,213810,155235,0,0,0.0
20150319,297519.0,300354.0,294876.0,297905.0,139420,170698,0,0,0.0
20150320,298692.0,302463.0,298383.0,300776.0,109740,175475,0,0,0.0
20150323,301276.0,301290.0,295825.0,296869.0,113200,175462,0,0,0.0
20150324,297194.0,301090.0,295126.0,299803.0,109920,178639,0,0,0.0
20150325,299316.0,300815.0,296249.0,296819.0,156529,180316,0,0,0.0
20150326,294922.0,297683.0,290819.0,297132.0,104760,182155,0,0,0.0
20150327,297556.0,299168.0,295262.0,297107.0,89415,180694,0,0,0.0
20150330,297818.0,303050.0,297484.0,302262.0,118540,181470,0,0,0.0
20150331,301862.0,303411.0,298196.0,298555.0,118870,182210,0,0,0.0
20150401,297119.0,303249.0,296311.0,300514.0,73304,183246,0,0,0.0
20150402,300963.0,301014.0,298533.0,299840.0,90249,183246,0,0,0.0
20150407,301587.0,303998.0,301092.0,302150.0,83267,183395,0,0,0.0
20150408,302186.0,303511.0,300668.0,301776.0,84091,182978,0,0,0.0
20150409,302224.0,305896.0,301404.0,305383.0,94882,187019,0,0,0.0
20150410,305469.0,310290.0,305373.0,310101.0,94882,187019,0,0,0.0
20150413,309763.0,310215.0,307195.0,309090.0,83430,185892,0,0,0.0
20150414,308302.0,308967.0,304886.0,306081.0,107239,181684,0,0,0.0
20150415,306904.0,308580.0,305285.0,306306.0,81219,181826,0,0,0.0
20150416,306343.0,306608.0,299494.0,300440.0,118984,184080,0,0,0.0
20150417,300202.0,300879.0,291193.0,292377.0,154554,182595,0,0,0.0
20150420,293087.0,298033.0,292504.0,297520.0,97151,181574,0,0,0.0
20150421,298192.0,302402.0,298071.0,299156.0,122177,181416,0,0,0.0
20150422,299890.0,301453.0,294963.0,297259.0,125476,182730,0,0,0.0
20150423,298242.0,299043.0,292142.0,293302.0,133918,184965,0,0,0.0
20150424,294323.0,297470.0,292991.0,295224.0,108330,185911,0,0,0.0
20150427,296145.0,301689.0,293528.0,301190.0,125378,187787,0,0,0.0
20150428,300502.0,301689.0,293889.0,295323.0,116824,186304,0,0,0.0
20150429,295484.0,297383.0,284178.0,286399.0,182194,183545,0,0,0.0
20150430,286484.0,289382.0,283404.0,286823.0,162902,184055,0,0,0.0
20150504,287970.0,291592.0,285189.0,290904.0,88544,182482,0,0,0.0
20150505,289742.0,293864.0,282380.0,283415.0,153255,180761,0,0,0.0
20150506,284337.0,286475.0,280882.0,283864.0,131413,178735,0,0,0.0
20150507,283763.0,285913.0,279035.0,285337.0,124564,182124,0,0,0.0
20150508,285710.0,293202.0,285189.0,292090.0,110740,179978,0,0,0.0
20150511,292750.0,292865.0,289869.0,291416.0,78929,179816,0,0,0.0
20150512,290716.0,291068.0,284265.0,286635.0,128536,178391,0,0,0.0
20150513,287845.0,289782.0,282180.0,283265.0,118825,172281,0,0,0.0
20150514,282927.0,289421.0,280208.0,289269.0,101056,172424,0,0,0.0
20150515,288830.0,290806.0,284277.0,285536.0,103866,170429,0,0,0.0
20150518,286596.0,290719.0,284215.0,289593.0,101111,170871,0,0,0.0
20150519,291301.0,296772.0,290942.0,296658.0,119504,170350,0,0,0.0
20150520,295733.0,296897.0,294275.0,296196.0,74224,172080,0,0,0.0
20150521,295858.0,297135.0,293713.0,296421.0,70749,171366,0,0,0.0
20150522,296744.0,296773.0,294475.0,295236.0,64453,171482,0,0,0.0
20150526,294522.0,298021.0,289370.0,290105.0,115235,172901,0,0,0.0
20150527,291015.0,294664.0,289633.0,294087.0,104599,173592,0,0,0.0
20150528,293212.0,294052.0,289770.0,291416.0,79718,176066,0,0,0.0
20150529,292014.0,292629.0,284616.0,284925.0,119927,175578,0,0,0.0
20150601,287058.0,287424.0,283230.0,285599.0,98923,177758,0,0,0.0
20150602,286284.0,286775.0,281283.0,282903.0,113420,174532,0,0,0.0
20150603,283188.0,287549.0,282032.0,285100.0,109316,176622,0,0,0.0
20150604,283812.0,285926.0,279236.0,283652.0,126258,174284,0,0,0.0
20150605,280966.0,281869.0,278076.0,279957.0,105960,174024,201509,201509,0.0
20150608,279630.0,280109.0,274430.0,276761.0,3075,13963,0,0,138.0
20150609,275139.0,276279.0,271211.0,274279.0,2288,16245,0,0,0.0
20150610,274141.0,282254.0,273207.0,281502.0,6071,17616,0,0,0.0
20150611,281053.0,285935.0,280542.0,282575.0,18301,20285,0,0,0.0
20150612,282314.0,283614.0,276325.0,279431.0,16173,31363,0,0,0.0
20150615,276999.0,277476.0,273456.0,274740.0,50413,37309,0,0,0.0
20150616,274616.0,276553.0,269589.0,275901.0,72184,73418,0,0,0.0
20150617,276725.0,277601.0,271423.0,273955.0,72868,116152,0,0,0.0
20150618,271522.0,281893.0,269738.0,277298.0,79151,141031,0,0,0.0
20150619,276787.0,280845.0,274454.0,275688.0,117376,157279,0,0,0.0
20150622,280056.0,286684.0,279806.0,286255.0,148337,163447,0,0,0.0
20150623,287566.0,290514.0,287478.0,288039.0,114423,164896,0,0,0.0
20150624,289201.0,289316.0,283611.0,286442.0,119871,164393,0,0,0.0
20150625,285383.0,289690.0,283200.0,286442.0,115812,160868,0,0,0.0
20150626,284447.0,288592.0,283736.0,286979.0,93762,163773,0,0,0.0
20150629,273344.0,281780.0,270487.0,276911.0,159022,157046,0,0,0.0
20150630,274854.0,277962.0,271897.0,274504.0,168709,155898,0,0,0.0
20150701,276438.0,281643.0,273918.0,278646.0,135268,155687,0,0,0.0
20150702,278871.0,280233.0,276225.0,276961.0,69484,156924,0,0,0.0
20150706,268403.0,274394.0,267655.0,271422.0,119845,154165,0,0,0.0
20150707,272109.0,273209.0,265958.0,266182.0,139924,156900,0,0,0.0
20150708,268503.0,269628.0,265720.0,268253.0,114669,155751,0,0,0.0
20150709,269626.0,275355.0,268977.0,274790.0,109992,155475,0,0,0.0
20150710,279607.0,284524.0,278134.0,282949.0,114623,153712,0,0,0.0
20150713,282601.0,287368.0,280791.0,286592.0,101821,151330,0,0,0.0
20150714,287292.0,288154.0,284821.0,287216.0,69794,153050,0,0,0.0
20150715,287816.0,288728.0,286380.0,288277.0,64654,153829,0,0,0.0
20150716,290012.0,294217.0,289512.0,292693.0,89493,154738,0,0,0.0
20150717,292869.0,293605.0,290685.0,291308.0,70033,157939,0,0,0.0
20150720,293380.0,294603.0,292344.0,293329.0,56483,156227,0,0,0.0
20150721,294004.0,294004.0,288676.0,289674.0,72119,158810,0,0,0.0
20150722,288614.0,289326.0,286430.0,287478.0,78458,159663,0,0,0.0
20150723,289163.0,290186.0,285345.0,287041.0,83035,160335,0,0,0.0
20150724,286493.0,288178.0,281490.0,283174.0,94992,159303,0,0,0.0
20150727,282326.0,282451.0,275191.0,276375.0,132855,158835,0,0,0.0
20150728,276961.0,280667.0,276101.0,278583.0,116751,161297,0,0,0.0
20150729,279306.0,281452.0,277436.0,279681.0,103316,153840,0,0,0.0
20150730,280542.0,282300.0,277885.0,280642.0,103948,151851,0,0,0.0
20150731,281502.0,282674.0,278683.0,282101.0,88616,151568,0,0,0.0
20150803,281702.0,286055.0,280604.0,285420.0,104964,153403,0,0,0.0
20150804,285095.0,286454.0,283972.0,285957.0,73252,154164,0,0,0.0
20150805,286442.0,290907.0,286342.0,290685.0,91350,154699,0,0,0.0
20150806,289624.0,291256.0,287739.0,289176.0,72564,157378,0,0,0.0
20150807,289125.0,289135.0,286491.0,286806.0,74077,161794,0,0,0.0
20150810,288039.0,289971.0,285181.0,289438.0,75788,150744,0,0,0.0
20150811,288513.0,288773.0,281002.0,281653.0,129836,150045,0,0,0.0
20150812,279456.0,279503.0,271770.0,273120.0,156756,148507,0,0,0.0
20150813,276462.0,278368.0,273891.0,274517.0,111738,149766,0,0,0.0
20150814,274042.0,276808.0,272181.0,274267.0,83791,147088,0,0,0.0
20150817,275240.0,277307.0,269749.0,273244.0,104450,147186,0,0,0.0
20150818,273806.0,274063.0,271458.0,272384.0,72323,147255,0,0,0.0
20150819,270649.0,270869.0,266218.0,266632.0,102964,146690,0,0,0.0
20150820,265933.0,265929.0,256986.0,260244.0,149154,148707,0,0,0.0
20150821,253332.0,260415.0,249002.0,253307.0,203149,146884,0,0,0.0
20150824,244687.0,247927.0,232473.0,240295.0,243408,146540,0,0,0.0
20150825,242067.0,254190.0,242054.0,253569.0,191985,149759,0,0,0.0
20150826,249340.0,254601.0,245734.0,250337.0,148765,148754,0,0,0.0
20150827,254942.0,259067.0,253631.0,257810.0,122884,140627,0,0,0.0
20150828,257324.0,258318.0,254067.0,256275.0,84475,139543,0,0,0.0
20150831,254293.0,257220.0,252733.0,255676.0,76775,136136,0,0,0.0
20150901,249864.0,252454.0,246632.0,249388.0,128589,133591,0,0,0.0
20150902,250201.0,252953.0,248503.0,251184.0,103086,133993,0,0,0.0
20150903,252646.0,259004.0,252270.0,257621.0,115842,131772,0,0,0.0
20150904,253082.0,254924.0,248378.0,250847.0,107884,132063,201512,201512,0.0
20150908,253145.0,258804.0,251871.0,256586.0,2587,19593,0,0,0.0
20150909,260680.0,262522.0,253493.0,257185.0,5219,20298,0,0,0.0
20150910,256251.0,257619.0,253406.0,254901.0,18715,21182,0,0,0.0
20150911,255827.0,255823.0,251422.0,252968.0,13993,28752,0,0,0.0
20150914,253806.0,255137.0,251535.0,253667.0,38827,37235,0,0,0.0
20150915,254006.0,255960.0,251223.0,254790.0,81716,57485,0,0,0.0
20150916,255104.0,257943.0,253756.0,255439.0,60762,90872,0,0,0.0
20150917,256414.0,257582.0,252658.0,255589.0,47735,116190,0,0,0.0
20150918,254518.0,254974.0,245933.0,247242.0,155165,125088,0,0,0.0
20150921,246645.0,249523.0,244062.0,248752.0,106925,136214,0,0,0.0
20150922,249290.0,249984.0,238461.0,238759.0,152911,134412,0,0,0.0
20150923,237288.0,242324.0,236602.0,240044.0,111571,140124,0,0,0.0
20150924,239322.0,242224.0,233558.0,234929.0,149595,139395,0,0,0.0
20150925,239484.0,243185.0,238561.0,242152.0,125834,144834,0,0,0.0
20150928,238960.0,241488.0,235379.0,236800.0,126397,142115,0,0,0.0
20150929,235043.0,238007.0,232061.0,236201.0,146882,147922,0,0,0.0
20150930,239273.0,242885.0,239047.0,241017.0,127697,145018,0,0,0.0
20151001,243240.0,244207.0,235754.0,237261.0,132860,144084,0,0,0.0
20151002,239035.0,241549.0,234282.0,237935.0,136731,147671,0,0,0.0
20151005,243002.0,246827.0,240707.0,244497.0,114843,140956,0,0,0.0
20151006,245211.0,248411.0,242715.0,247429.0,118639,138715,0,0,0.0
20151007,246983.0,251842.0,246732.0,248190.0,130939,138702,0,0,0.0
20151008,247993.0,252128.0,247194.0,249537.0,91985,136462,0,0,0.0
20151009,252484.0,253176.0,250612.0,251957.0,87626,135455,0,0,0.0
20151013,252123.0,252415.0,247892.0,249999.0,108357,135865,0,0,0.0
20151014,248767.0,250481.0,246644.0,247715.0,106519,134704,0,0,0.0
20151015,249017.0,253214.0,248402.0,250997.0,101432,134228,0,0,0.0
20151016,252984.0,253650.0,250810.0,251970.0,92609,137152,0,0,0.0
20151019,252610.0,254698.0,251146.0,253667.0,84255,130614,0,0,0.0
20151020,253446.0,254324.0,251395.0,253579.0,78102,128589,0,0,0.0
20151021,254281.0,256408.0,252057.0,255276.0,95724,128060,0,0,0.0
20151022,254655.0,264155.0,254203.0,262038.0,134854,128578,0,0,0.0
20151023,265484.0,270967.0,264058.0,269062.0,124756,130638,0,0,0.0
20151026,269726.0,271155.0,268399.0,269686.0,89205,128840,0,0,0.0
20151027,269127.0,269708.0,266603.0,267316.0,86932,127918,0,0,0.0
20151028,267468.0,272639.0,266740.0,270510.0,93277,126949,0,0,0.0
20151029,271397.0,271804.0,267987.0,269200.0,89177,127748,0,0,0.0
20151030,270612.0,271467.0,268125.0,269962.0,75105,128479,0,0,0.0
20151102,268503.0,274336.0,267651.0,273367.0,82194,129190,0,0,0.0
20151103,273581.0,274436.0,271518.0,273006.0,77816,135453,0,0,0.0
20151104,273768.0,274686.0,269759.0,270473.0,94557,133723,0,0,0.0
20151105,271186.0,273613.0,268999.0,271795.0,92811,133851,0,0,0.0
20151106,272021.0,275933.0,270496.0,274140.0,97919,134361,0,0,0.0
20151109,274341.0,274798.0,269111.0,269762.0,86938,136155,0,0,0.0
20151110,270823.0,271280.0,267639.0,270273.0,90845,137873,0,0,0.0
20151112,271721.0,273476.0,267240.0,269150.0,113566,138567,0,0,0.0
20151113,267454.0,269895.0,264608.0,266818.0,113195,137931,0,0,0.0
20151116,261990.0,269983.0,261526.0,266668.0,101828,138579,0,0,0.0
20151117,270199.0,273925.0,269011.0,273442.0,107733,140008,0,0,0.0
20151118,271934.0,275672.0,271356.0,273567.0,90287,140310,0,0,0.0
20151119,275714.0,278292.0,275311.0,276686.0,95740,138518,0,0,0.0
20151120,276063.0,278603.0,275672.0,277609.0,83807,140110,0,0,0.0
20151123,277835.0,278029.0,275123.0,277273.0,69520,139233,0,0,0.0
20151124,276238.0,276532.0,271131.0,272444.0,116852,140134,0,0,0.0
20151125,273906.0,279177.0,272453.0,278570.0,86862,140126,0,0,0.0
20151127,280743.0,283344.0,280512.0,281801.0,63413,143396,0,0,0.0
20151130,281528.0,285278.0,280750.0,283910.0,81391,144180,0,0,0.0
20151201,284822.0,284916.0,280288.0,281115.0,99346,145408,0,0,0.0
20151202,282315.0,282795.0,276409.0,279231.0,103033,143617,0,0,0.0
20151203,278210.0,282534.0,265493.0,270149.0,200673,143909,0,0,0.0
20151204,266583.0,271456.0,265232.0,268303.0,120730,141252,0,0,0.0
20151207,271399.0,274325.0,269585.0,271185.0,95973,137600,201603,201603,0.0
20151208,271599.0,271905.0,264869.0,266669.0,3868,34157,0,0,200.0
20151209,266800.0,267404.0,260780.0,264761.0,5307,33804,0,0,0.0
20151210,262536.0,265908.0,262114.0,264799.0,9956,36337,0,0,0.0
20151211,264368.0,264600.0,256292.0,258304.0,20370,42656,0,0,0.0
20151214,258148.0,260548.0,252353.0,252956.0,46361,55707,0,0,0.0
20151215,255966.0,261570.0,254934.0,260672.0,66725,66410,0,0,0.0
20151216,261340.0,265584.0,259907.0,260921.0,72767,95036,0,0,0.0
20151217,264967.0,270210.0,262475.0,268226.0,65678,117263,0,0,0.0
20151218,266089.0,267717.0,262139.0,264486.0,99195,126764,0,0,0.0
20151221,263072.0,269363.0,261167.0,262779.0,92499,132277,0,0,0.0
20151222,264169.0,265274.0,259322.0,261233.0,87499,133417,0,0,0.0
20151223,263484.0,268452.0,263398.0,267865.0,71593,132857,0,0,0.0
20151228,267473.0,268639.0,264982.0,265583.0,43020,132466,0,0,0.0
20151229,267585.0,271369.0,267537.0,270420.0,50513,131497,0,0,0.0
20151230,271375.0,271419.0,266603.0,268575.0,40628,132433,0,0,0.0
20160104,262287.0,262381.0,255545.0,255909.0,126148,132203,0,0,0.0
20160105,259033.0,259389.0,253600.0,256446.0,102737,134330,0,0,0.0
20160106,255318.0,256497.0,251643.0,254787.0,111783,134971,0,0,0.0
20160107,248998.0,250351.0,244587.0,248667.0,150864,134841,0,0,0.0
20160108,248674.0,252458.0,242405.0,245825.0,131186,133151,0,0,0.0
20160111,241767.0,248843.0,240760.0,245762.0,126093,135049,0,0,0.0
20160112,244634.0,251685.0,243727.0,249191.0,117685,134662,0,0,0.0
20160113,252001.0,253455.0,242693.0,248069.0,130816,137827,0,0,0.0
20160114,245344.0,247920.0,239638.0,244778.0,167193,138858,0,0,0.0
20160115,243998.0,245189.0,234602.0,237099.0,166585,136924,0,0,0.0
20160119,241418.0,243344.0,237482.0,240726.0,116721,139011,0,0,0.0
20160120,234137.0,237310.0,230651.0,233309.0,161395,140065,0,0,0.0
20160121,234398.0,241038.0,232682.0,238595.0,150866,143405,0,0,0.0
20160122,242352.0,245376.0,241944.0,244155.0,116710,141905,0,0,0.0
20160125,245344.0,245538.0,241083.0,242746.0,92628,140570,0,0,0.0
20160126,239149.0,246099.0,238415.0,245214.0,99758,141526,0,0,0.0
20160127,244784.0,247420.0,242105.0,245763.0,102500,140931,0,0,0.0
20160128,244073.0,246896.0,238989.0,239942.0,132775,141297,0,0,0.0
20160129,244248.0,245237.0,240485.0,243245.0,101371,139047,0,0,0.0
20160201,245395.0,245486.0,240099.0,242834.0,96568,141375,0,0,0.0
20160202,242727.0,242718.0,236309.0,238421.0,119545,140305,0,0,0.0
20160203,236244.0,238704.0,232980.0,235242.0,151114,140419,0,0,0.0
20160204,239411.0,239851.0,230874.0,234220.0,146370,142065,0,0,0.0
20160205,233377.0,236049.0,229889.0,231042.0,128320,145508,0,0,0.0
20160208,232230.0,232733.0,222273.0,223712.0,164126,143563,0,0,0.0
20160209,222544.0,225328.0,218583.0,222066.0,174555,145582,0,0,0.0
20160210,222170.0,227509.0,221088.0,225008.0,130961,141274,0,0,0.0
20160211,221534.0,222261.0,216663.0,218750.0,156980,139373,0,0,0.0
20160212,220188.0,224168.0,219555.0,222964.0,106067,141155,0,0,0.0
20160216,230934.0,231074.0,226174.0,227028.0,102618,135196,0,0,0.0
20160217,228416.0,234814.0,227620.0,233785.0,99523,136555,0,0,0.0
20160218,234151.0,238068.0,232918.0,235780.0,107918,136036,0,0,0.0
20160219,235822.0,236210.0,232257.0,233436.0,96433,135509,0,0,0.0
20160222,235249.0,239002.0,235199.0,238647.0,76602,134077,0,0,0.0
20160223,236745.0,237706.0,234202.0,234969.0,94491,134095,0,0,0.0
20160224,233828.0,234988.0,227384.0,228112.0,132750,132135,0,0,0.0
20160225,231085.0,234315.0,229291.0,232550.0,111094,137180,0,0,0.0
20160226,234875.0,238741.0,234626.0,237500.0,111113,133533,0,0,0.0
20160229,235237.0,237021.0,232507.0,235966.0,109711,129640,0,0,0.0
20160301,235174.0,243753.0,234975.0,242212.0,120989,131483,0,0,0.0
20160302,244624.0,245299.0,241632.0,243745.0,101866,132933,0,0,0.0
20160303,244499.0,244787.0,241981.0,242698.0,82514,130411,0,0,0.0
20160304,243851.0,246831.0,242779.0,244805.0,103124,129461,0,0,0.0
20160307,244014.0,244575.0,241483.0,243658.0,85613,130106,201606,201606,0.0
20160308,242181.0,243864.0,239538.0,241464.0,2292,22594,0,0,900.0
20160309,242380.0,245094.0,241389.0,242395.0,2334,24026,0,0,0.0
20160310,242542.0,249056.0,234385.0,237117.0,7743,24887,0,0,0.0
20160311,240119.0,246485.0,239874.0,245066.0,7920,27558,0,0,0.0
20160314,246031.0,250248.0,245959.0,249003.0,32689,31478,0,0,0.0
20160315,247944.0,248597.0,246505.0,247811.0,70804,47833,0,0,0.0
20160316,248031.0,249901.0,247361.0,248991.0,78669,71511,0,0,0.0
20160317,250353.0,251118.0,243014.0,246097.0,84792,90391,0,0,0.0
20160318,246055.0,248311.0,244777.0,248221.0,98453,103012,0,0,0.0
20160321,247223.0,251714.0,245721.0,247873.0,93651,105757,0,0,0.0
20160322,248117.0,249342.0,243188.0,248556.0,116184,107412,0,0,0.0
20160323,248813.0,252211.0,248392.0,250109.0,99401,106706,0,0,0.0
20160324,248391.0,248995.0,245312.0,246060.0,91572,109549,0,0,0.0
20160329,247050.0,248262.0,244542.0,246557.0,89612,115831,0,0,0.0
20160330,248118.0,251864.0,247485.0,250668.0,87151,110693,0,0,0.0
20160331,249857.0,250163.0,247460.0,248407.0,89597,111337,0,0,0.0
20160401,246305.0,246399.0,241239.0,244383.0,143442,111074,0,0,0.0
20160404,244952.0,247070.0,242592.0,244482.0,116125,113436,0,0,0.0
20160405,242455.0,242450.0,237351.0,238831.0,118372,114131,0,0,0.0
20160406,238903.0,240972.0,236892.0,240110.0,113466,118199,0,0,0.0
20160407,240443.0,241853.0,235278.0,236844.0,115424,114067,0,0,0.0
20160408,237972.0,241146.0,237699.0,239726.0,96664,114304,0,0,0.0
20160411,239711.0,243059.0,237240.0,241601.0,115085,110820,0,0,0.0
20160412,241114.0,244177.0,239562.0,243365.0,116127,111457,0,0,0.0
20160413,245511.0,250225.0,245473.0,249191.0,115363,111237,0,0,0.0
20160414,250294.0,251815.0,249510.0,251427.0,97812,111940,0,0,0.0
20160415,251001.0,251517.0,249447.0,250533.0,83218,111722,0,0,0.0
20160418,247735.0,252971.0,246839.0,252545.0,103772,112878,0,0,0.0
20160419,253759.0,258547.0,252888.0,257886.0,127244,112636,0,0,0.0
20160420,256914.0,260708.0,256167.0,260171.0,104850,117017,0,0,0.0
20160421,260728.0,261379.0,257595.0,260456.0,108163,116246,0,0,0.0
20160422,259051.0,259889.0,257247.0,258258.0,91735,117456,0,0,0.0
20160425,258306.0,259293.0,254875.0,256594.0,111518,115875,0,0,0.0
20160426,257188.0,258884.0,254415.0,255898.0,107017,117331,0,0,0.0
20160427,255449.0,257816.0,254639.0,256569.0,98597,119259,0,0,0.0
20160428,255412.0,257455.0,252168.0,256917.0,120352,121837,0,0,0.0
20160429,254107.0,255431.0,249734.0,250533.0,129429,124716,0,0,0.0
20160502,250418.0,252611.0,250268.0,251439.0,89991,124052,0,0,0.0
20160503,251771.0,251990.0,246642.0,247328.0,118079,123858,0,0,0.0
20160504,247299.0,247780.0,243835.0,244135.0,104770,124545,0,0,0.0
20160505,245684.0,246649.0,243550.0,244160.0,85804,122100,0,0,0.0
20160506,243796.0,246712.0,241823.0,245340.0,107525,123675,0,0,0.0
20160509,247423.0,250301.0,245375.0,247960.0,111740,123675,0,0,0.0
20160510,249261.0,251258.0,248219.0,249326.0,96188,133827,0,0,0.0
20160511,249920.0,250102.0,246592.0,247873.0,92884,125452,0,0,0.0
20160512,247610.0,250587.0,244369.0,244954.0,124966,122667,0,0,0.0
20160513,243896.0,247904.0,242444.0,247054.0,108921,124118,0,0,0.0
20160517,248331.0,250388.0,243711.0,245216.0,116159,119562,0,0,0.0
20160518,244331.0,247419.0,243189.0,246980.0,103648,123214,0,0,0.0
20160519,245411.0,246102.0,242568.0,243304.0,121018,122454,0,0,0.0
20160520,245846.0,246463.0,244555.0,246161.0,88071,125134,0,0,0.0
20160523,246653.0,247717.0,243561.0,244881.0,101765,122238,0,0,0.0
20160524,243722.0,251468.0,242592.0,250185.0,122770,122575,0,0,0.0
20160525,251895.0,254225.0,251571.0,253550.0,91936,127131,0,0,0.0
20160526,252777.0,255555.0,252676.0,255289.0,77291,126026,0,0,0.0
20160527,255372.0,256052.0,254378.0,255165.0,58869,127905,0,0,0.0
