Date,Open,High,Low,Close,Volume,OI,P,R,RINFO
20140603,23022.0,23070.0,22656.0,23010.0,94877,154236,0,0,0.0
20140604,23010.0,23598.0,22914.0,23550.0,115563,151377,0,0,0.0
20140605,23544.0,23556.0,23118.0,23214.0,99821,148809,0,0,0.0
20140606,23250.0,23670.0,23196.0,23406.0,88328,144261,0,0,0.0
20140609,23406.0,23700.0,23394.0,23568.0,111502,133452,0,0,0.0
20140610,23568.0,23604.0,23280.0,23364.0,107992,126982,0,0,0.0
20140611,23370.0,23430.0,22974.0,23052.0,107712,118987,0,0,0.0
20140612,23088.0,23358.0,23088.0,23148.0,150047,106506,0,0,0.0
20140613,23160.0,23880.0,23154.0,23814.0,114400,92115,0,0,0.0
20140616,23856.0,23880.0,23610.0,23700.0,83553,81586,0,0,0.0
20140617,23718.0,23844.0,23430.0,23808.0,101180,75129,0,0,0.0
20140618,23820.0,24174.0,23670.0,24078.0,112501,64664,0,0,0.0
20140619,24090.0,24420.0,23940.0,24366.0,113450,54532,201408,201408,0.0
20140620,24354.0,24408.0,24018.0,24084.0,91961,41893,0,0,54.0
20140623,24127.0,24594.0,24126.0,24413.0,96528,44516,0,0,0.0
20140624,24408.0,24612.0,24234.0,24587.0,112612,51046,0,0,0.0
20140625,24582.0,24696.0,24330.0,24401.0,77863,53590,0,0,0.0
20140626,24396.0,24540.0,24276.0,24323.0,95174,56834,0,0,0.0
20140627,24294.0,24384.0,23995.0,24024.0,75693,58137,0,0,0.0
20140630,24025.0,24097.0,23289.0,23318.0,137092,59146,0,0,0.0
20140701,23325.0,23468.0,23056.0,23330.0,130095,57348,0,0,0.0
20140702,23313.0,23420.0,23062.0,23091.0,82045,54231,0,0,0.0
20140703,23091.0,23216.0,22966.0,23151.0,72024,52106,0,0,0.0
20140707,23127.0,23126.0,22840.0,23007.0,73434,52960,0,0,0.0
20140708,23031.0,23102.0,22654.0,22678.0,68121,52311,0,0,0.0
20140709,22684.0,22743.0,22157.0,22235.0,83241,52069,0,0,0.0
20140710,22265.0,22462.0,22199.0,22439.0,91068,50398,0,0,0.0
20140711,22421.0,22486.0,21708.0,22014.0,102808,49323,0,0,0.0
20140714,21990.0,22115.0,21852.0,22080.0,65020,49421,0,0,0.0
20140715,22056.0,22109.0,21732.0,22092.0,89036,46398,0,0,0.0
20140716,22092.0,22259.0,22001.0,22050.0,82487,45671,0,0,0.0
20140717,22050.0,22139.0,21714.0,21775.0,109587,41811,0,0,0.0
20140718,21763.0,22091.0,21672.0,21895.0,72006,39798,0,0,0.0
20140721,21847.0,21852.0,21624.0,21638.0,75093,38667,201412,201412,0.0
20140722,21649.0,21774.0,21480.0,21494.0,77717,195031,0,0,78.0
20140723,21506.0,21720.0,21414.0,21685.0,80733,195264,0,0,0.0
20140724,21715.0,21923.0,21653.0,21685.0,83595,197736,0,0,0.0
20140725,21691.0,21726.0,21402.0,21625.0,97130,199326,0,0,0.0
20140728,21679.0,22024.0,21617.0,21941.0,86006,199212,0,0,0.0
20140729,22001.0,22286.0,21689.0,21792.0,86025,201438,0,0,0.0
20140730,21828.0,21886.0,21492.0,21708.0,89192,203843,0,0,0.0
20140731,21715.0,21904.0,21528.0,21714.0,76312,202131,0,0,0.0
20140801,21715.0,21761.0,21289.0,21302.0,76060,204864,0,0,0.0
20140804,21339.0,21743.0,21253.0,21714.0,77585,200292,0,0,0.0
20140805,21655.0,21707.0,21295.0,21398.0,57131,199053,0,0,0.0
20140806,21416.0,21689.0,21325.0,21595.0,70551,199380,0,0,0.0
20140807,21565.0,21629.0,21373.0,21506.0,62324,199936,0,0,0.0
20140808,21464.0,21510.0,21212.0,21399.0,69864,198451,0,0,0.0
20140811,21386.0,21444.0,20955.0,21005.0,91044,199313,0,0,0.0
20140812,20986.0,21450.0,20561.0,20868.0,110793,199956,0,0,0.0
20140813,20801.0,20943.0,20460.0,20474.0,80990,200216,0,0,0.0
20140814,20461.0,20478.0,20054.0,20200.0,116382,202948,0,0,0.0
20140815,20169.0,20305.0,19774.0,19812.0,103482,204994,0,0,0.0
20140818,19817.0,20001.0,19744.0,19884.0,67781,203925,0,0,0.0
20140819,19787.0,19953.0,19607.0,19693.0,65359,202950,0,0,0.0
20140820,19686.0,19983.0,19541.0,19818.0,86331,201524,0,0,0.0
20140821,19793.0,20108.0,19720.0,19752.0,100715,204509,0,0,0.0
20140822,19763.0,19923.0,19434.0,19448.0,120433,209444,0,0,0.0
20140825,19483.0,19762.0,19356.0,19663.0,83536,211075,0,0,0.0
20140826,19626.0,19804.0,19487.0,19788.0,88309,212451,0,0,0.0
20140827,19775.0,20007.0,19541.0,19573.0,100914,213701,0,0,0.0
20140828,19578.0,19715.0,19469.0,19561.0,67096,214776,0,0,0.0
20140829,19590.0,19649.0,19087.0,19173.0,78603,212446,0,0,0.0
20140902,19155.0,19446.0,19063.0,19161.0,78603,212446,0,0,0.0
20140903,19209.0,19315.0,18938.0,19060.0,73514,213082,0,0,0.0
20140904,19084.0,19285.0,19022.0,19215.0,77647,214034,0,0,0.0
20140905,19251.0,19416.0,19064.0,19376.0,69219,211547,0,0,0.0
20140908,19418.0,19565.0,18998.0,19173.0,63654,211436,0,0,0.0
20140909,19245.0,19243.0,18891.0,18922.0,67747,210118,0,0,0.0
20140910,18941.0,19100.0,18802.0,18988.0,60348,209132,0,0,0.0
20140911,19007.0,19100.0,18820.0,18916.0,84918,210491,0,0,0.0
20140912,18941.0,19643.0,18880.0,19548.0,97408,210987,0,0,0.0
20140915,19406.0,20096.0,19363.0,19966.0,118922,206615,0,0,0.0
20140916,20009.0,20180.0,19596.0,19686.0,87613,203675,0,0,0.0
20140917,19741.0,20061.0,19709.0,20014.0,63552,203691,0,0,0.0
20140918,20057.0,20133.0,19572.0,19608.0,63975,202892,0,0,0.0
20140919,19675.0,19709.0,19399.0,19435.0,69685,205256,0,0,0.0
20140922,19413.0,19435.0,18999.0,19161.0,97819,208043,0,0,0.0
20140923,19145.0,19477.0,19059.0,19280.0,90390,213742,0,0,0.0
20140924,19288.0,19644.0,19250.0,19519.0,77032,211495,0,0,0.0
20140925,19676.0,19793.0,19399.0,19507.0,126544,211109,0,0,0.0
20140926,19527.0,19614.0,19029.0,19083.0,98781,211736,0,0,0.0
20140929,19091.0,19686.0,18940.0,19656.0,108759,210687,0,0,0.0
20140930,19688.0,19698.0,19232.0,19310.0,85689,207490,0,0,0.0
20141001,19390.0,19746.0,19274.0,19567.0,78108,208962,0,0,0.0
20141002,19647.0,19716.0,19292.0,19567.0,73245,206903,0,0,0.0
20141003,19504.0,19704.0,19328.0,19340.0,64531,203443,0,0,0.0
20141006,19379.0,20163.0,19340.0,19954.0,82126,206479,0,0,0.0
20141007,20017.0,20026.0,19710.0,19745.0,115101,194825,0,0,0.0
20141008,19802.0,19847.0,19579.0,19697.0,94276,193400,0,0,0.0
20141009,19689.0,19954.0,19627.0,19691.0,85975,189119,0,0,0.0
20141010,19695.0,19721.0,19180.0,19351.0,161175,182051,0,0,0.0
20141013,19379.0,19799.0,19234.0,19709.0,84101,180510,0,0,0.0
20141014,19713.0,19865.0,19407.0,19608.0,75905,179644,0,0,0.0
20141015,19582.0,19608.0,19031.0,19077.0,104419,174385,0,0,0.0
20141016,19135.0,19381.0,18959.0,19304.0,94441,173102,0,0,0.0
20141017,19338.0,19417.0,19090.0,19101.0,64452,170297,0,0,0.0
20141020,19141.0,19143.0,18857.0,18910.0,65732,171389,0,0,0.0
20141021,18914.0,19048.0,18851.0,18946.0,63248,171668,0,0,0.0
20141022,18980.0,19352.0,18905.0,19173.0,104618,169907,0,0,0.0
20141023,19171.0,19573.0,19054.0,19489.0,100605,166113,0,0,0.0
20141024,19457.0,19561.0,19138.0,19322.0,78287,164025,0,0,0.0
20141027,19272.0,19364.0,19060.0,19227.0,88930,164562,0,0,0.0
20141028,19230.0,19650.0,19185.0,19561.0,121278,158748,0,0,0.0
20141029,19594.0,20461.0,19519.0,20390.0,167077,157989,0,0,0.0
20141030,20441.0,20634.0,20163.0,20468.0,121750,153405,0,0,0.0
20141031,20465.0,20849.0,20288.0,20760.0,110433,150999,0,0,0.0
20141103,20763.0,20765.0,20288.0,20301.0,76237,150650,0,0,0.0
20141104,20327.0,20324.0,19715.0,19728.0,108047,149474,0,0,0.0
20141105,19754.0,19823.0,19280.0,19519.0,116189,145543,0,0,0.0
20141106,19497.0,19656.0,19387.0,19406.0,120663,139231,0,0,0.0
20141107,19402.0,19584.0,19250.0,19328.0,104171,133469,0,0,0.0
20141110,19348.0,19644.0,19119.0,19304.0,142588,126294,0,0,0.0
20141111,19312.0,19722.0,19274.0,19608.0,110074,120742,0,0,0.0
20141112,19658.0,19925.0,19202.0,19220.0,178790,111770,0,0,0.0
20141113,19270.0,19424.0,19077.0,19131.0,141811,105645,0,0,0.0
20141114,19151.0,19311.0,19029.0,19209.0,110506,105929,0,0,0.0
20141117,19211.0,19478.0,19107.0,19358.0,139625,92117,0,0,0.0
20141118,19342.0,19645.0,19149.0,19477.0,109974,83135,0,0,0.0
20141119,19426.0,19508.0,19179.0,19393.0,142025,69919,0,0,0.0
20141120,19396.0,19532.0,19286.0,19488.0,123248,57922,201501,201501,0.0
20141121,19491.0,19926.0,19399.0,19506.0,173760,143545,0,0,60.0
20141124,19509.0,19896.0,19417.0,19839.0,141105,150926,0,0,0.0
20141125,19836.0,20092.0,19702.0,19976.0,138128,153022,0,0,0.0
20141126,19991.0,20116.0,19851.0,19988.0,113242,153726,0,0,0.0
20141128,19592.0,19688.0,19173.0,19203.0,96074,157648,0,0,0.0
20141201,19140.0,19379.0,18763.0,19245.0,128077,155511,0,0,0.0
20141202,19223.0,19254.0,18537.0,18603.0,134848,150573,0,0,0.0
20141203,18604.0,19070.0,18602.0,18996.0,115683,145294,0,0,0.0
20141204,18961.0,19052.0,18739.0,18853.0,71134,143421,0,0,0.0
20141205,18878.0,19207.0,18822.0,19079.0,93415,137315,0,0,0.0
20141208,19098.0,19148.0,18846.0,18942.0,109767,127120,0,0,0.0
20141209,18896.0,19196.0,18781.0,19025.0,85754,120682,0,0,0.0
20141210,19015.0,19202.0,18840.0,18882.0,134082,106643,0,0,0.0
20141211,18926.0,19113.0,18894.0,19043.0,96791,97846,0,0,0.0
20141212,19003.0,19369.0,18787.0,19245.0,169617,83817,0,0,0.0
20141215,19253.0,19363.0,19090.0,19191.0,85777,79269,0,0,0.0
20141216,19122.0,19214.0,18793.0,18894.0,108454,70592,0,0,0.0
20141217,18950.0,19113.0,18799.0,18894.0,97288,61524,0,0,0.0
20141218,18867.0,19137.0,18835.0,18965.0,98000,52913,0,0,0.0
20141219,18986.0,19119.0,18859.0,19013.0,86378,43423,201503,201503,0.0
20141222,18980.0,19119.0,18930.0,19025.0,82967,168661,0,0,108.0
20141223,19027.0,19279.0,18983.0,19137.0,85529,177485,0,0,0.0
20141224,19110.0,19226.0,18882.0,18954.0,56821,182414,0,0,0.0
20141226,19021.0,19427.0,19012.0,19273.0,53604,186556,0,0,0.0
20141229,19281.0,19888.0,19254.0,19474.0,68755,190224,0,0,0.0
20141231,19565.0,19604.0,18982.0,19007.0,63894,187553,0,0,0.0
20150102,19163.0,19166.0,18929.0,18977.0,43494,188849,0,0,0.0
20150105,18956.0,19474.0,18929.0,19438.0,68028,191154,0,0,0.0
20150106,19388.0,19515.0,19284.0,19438.0,51124,188660,0,0,0.0
20150107,19429.0,19817.0,19331.0,19609.0,76480,191537,0,0,0.0
20150108,19606.0,20065.0,19603.0,19964.0,85902,193563,0,0,0.0
20150109,19955.0,20083.0,19828.0,19917.0,72721,190447,0,0,0.0
20150112,19896.0,20113.0,19254.0,19278.0,114736,185060,0,0,0.0
20150113,19310.0,19480.0,19165.0,19243.0,102126,182267,0,0,0.0
20150114,19334.0,19445.0,19212.0,19409.0,92153,182388,0,0,0.0
20150115,19517.0,19794.0,19307.0,19510.0,123660,179770,0,0,0.0
20150116,19541.0,19788.0,19378.0,19747.0,82817,179660,0,0,0.0
20150120,19647.0,19670.0,19337.0,19422.0,105075,178053,0,0,0.0
20150121,19428.0,19611.0,19118.0,19168.0,98581,175595,0,0,0.0
20150122,19156.0,19274.0,18864.0,18908.0,112236,169891,0,0,0.0
20150123,18919.0,19014.0,18627.0,18689.0,104272,167613,0,0,0.0
20150126,18671.0,18677.0,18343.0,18381.0,102495,170476,0,0,0.0
20150127,18369.0,18511.0,18254.0,18434.0,119651,171323,0,0,0.0
20150128,18345.0,18428.0,17769.0,17943.0,178984,175590,0,0,0.0
20150129,17949.0,17972.0,17337.0,17470.0,141863,171642,0,0,0.0
20150130,17446.0,17800.0,17402.0,17742.0,108849,171923,0,0,0.0
20150202,17659.0,18179.0,17656.0,17984.0,105190,169581,0,0,0.0
20150203,17937.0,18457.0,17893.0,18215.0,111138,164197,0,0,0.0
20150204,18197.0,18333.0,18017.0,18091.0,157141,163033,0,0,0.0
20150205,18067.0,18913.0,18064.0,18753.0,157225,153262,0,0,0.0
20150206,18783.0,19014.0,18602.0,18818.0,161865,142656,0,0,0.0
20150209,18783.0,18990.0,18708.0,18930.0,122594,129586,0,0,0.0
20150210,18913.0,19049.0,18489.0,18599.0,122591,119301,0,0,0.0
20150211,18600.0,18806.0,18388.0,18776.0,148890,106649,0,0,0.0
20150212,18772.0,18972.0,18613.0,18930.0,148923,94533,0,0,0.0
20150213,18890.0,19274.0,18844.0,19161.0,144646,87484,0,0,0.0
20150217,19138.0,19250.0,18809.0,19114.0,106485,79659,0,0,0.0
20150218,19061.0,19203.0,18874.0,18931.0,92525,69218,0,0,0.0
20150219,18925.0,18966.0,18572.0,18825.0,139028,62876,201505,201505,0.0
20150220,18807.0,18848.0,18477.0,18618.0,107923,163640,0,0,114.0
20150223,18589.0,18601.0,18265.0,18418.0,108026,171873,0,0,0.0
20150224,18366.0,18760.0,18253.0,18583.0,138470,173209,0,0,0.0
20150225,18548.0,18813.0,18482.0,18759.0,130151,181481,0,0,0.0
20150226,18754.0,19019.0,18694.0,18835.0,91606,182572,0,0,0.0
20150227,18813.0,19454.0,18782.0,19370.0,123240,180344,0,0,0.0
20150302,19430.0,19701.0,19223.0,19299.0,85287,176154,0,0,0.0
20150303,19359.0,19478.0,19199.0,19381.0,66169,177640,0,0,0.0
20150304,19324.0,19472.0,18905.0,18934.0,66435,177504,0,0,0.0
20150305,18971.0,19060.0,18535.0,18558.0,72912,176897,0,0,0.0
20150306,18518.0,18642.0,18306.0,18388.0,79032,175536,0,0,0.0
20150309,18389.0,18489.0,18183.0,18223.0,73657,176688,0,0,0.0
20150310,18189.0,18348.0,18013.0,18199.0,95560,179804,0,0,0.0
20150311,18136.0,18407.0,18113.0,18281.0,58790,180615,0,0,0.0
20150312,18230.0,18348.0,18089.0,18146.0,59299,180175,0,0,0.0
20150313,18107.0,18289.0,17825.0,17923.0,87437,184089,0,0,0.0
20150316,17925.0,18042.0,17743.0,17864.0,79599,181915,0,0,0.0
20150317,17813.0,17942.0,17561.0,17658.0,73327,182780,0,0,0.0
20150318,17619.0,18118.0,17590.0,18005.0,90173,182729,0,0,0.0
20150319,18072.0,18247.0,17901.0,17999.0,86907,182630,0,0,0.0
20150320,18037.0,18223.0,17830.0,18034.0,86942,181428,0,0,0.0
20150323,18049.0,18446.0,18018.0,18310.0,68377,179005,0,0,0.0
20150324,18319.0,18346.0,18177.0,18286.0,52489,176424,0,0,0.0
20150325,18231.0,18405.0,18206.0,18245.0,60520,176284,0,0,0.0
20150326,18231.0,18634.0,18106.0,18321.0,77490,172794,0,0,0.0
20150327,18296.0,18346.0,17871.0,17986.0,94741,172614,0,0,0.0
20150330,17990.0,18175.0,17889.0,17921.0,76181,168452,0,0,0.0
20150331,17914.0,17934.0,17660.0,17862.0,96469,168530,0,0,0.0
20150401,17867.0,18293.0,17860.0,18038.0,91241,164119,0,0,0.0
20150402,17990.0,18287.0,17983.0,18244.0,69545,161680,0,0,0.0
20150406,18196.0,18669.0,18177.0,18373.0,86904,156834,0,0,0.0
20150407,18372.0,18493.0,18083.0,18238.0,134011,147320,0,0,0.0
20150408,18202.0,18281.0,18101.0,18191.0,100774,141833,0,0,0.0
20150409,18143.0,18199.0,17931.0,18126.0,128303,132410,0,0,0.0
20150410,18119.0,18287.0,17984.0,18273.0,128303,132410,0,0,0.0
20150413,18201.0,18581.0,18172.0,18244.0,67004,122601,0,0,0.0
20150414,18254.0,18505.0,18190.0,18397.0,55020,109557,0,0,0.0
20150415,18383.0,18770.0,18360.0,18691.0,80961,97266,0,0,0.0
20150416,18718.0,18817.0,18536.0,18667.0,51893,91853,0,0,0.0
20150417,18659.0,18717.0,18489.0,18526.0,37481,80782,0,0,0.0
20150420,18553.0,18735.0,18507.0,18567.0,27001,73140,0,0,0.0
20150421,18571.0,18759.0,18542.0,18702.0,38519,67052,201507,201507,0.0
20150422,18706.0,18753.0,18507.0,18573.0,71241,185641,0,0,90.0
20150423,18601.0,19016.0,18560.0,18848.0,76165,190260,0,0,0.0
20150424,18853.0,18957.0,18607.0,18637.0,60540,198985,0,0,0.0
20150427,18613.0,18752.0,18531.0,18625.0,61622,201108,0,0,0.0
20150428,18601.0,18693.0,18315.0,18356.0,78934,205417,0,0,0.0
20150429,18390.0,18570.0,18262.0,18508.0,67750,208219,0,0,0.0
20150430,18513.0,18710.0,18437.0,18514.0,59807,207698,0,0,0.0
20150501,18636.0,18640.0,18408.0,18473.0,35567,202430,0,0,0.0
20150504,18420.0,19137.0,18414.0,19087.0,85092,200758,0,0,0.0
20150505,19134.0,19570.0,19057.0,19333.0,86426,207304,0,0,0.0
20150506,19368.0,19593.0,19203.0,19257.0,62111,203218,0,0,0.0
20150507,19327.0,19330.0,18992.0,19005.0,44014,202353,0,0,0.0
20150508,19075.0,19307.0,18934.0,19280.0,47715,199684,0,0,0.0
20150511,19286.0,19512.0,19221.0,19415.0,46993,202994,0,0,0.0
20150512,19438.0,19588.0,19244.0,19286.0,64891,204548,0,0,0.0
20150513,19298.0,19524.0,19156.0,19444.0,49095,202308,0,0,0.0
20150514,19509.0,19577.0,19331.0,19502.0,42577,203616,0,0,0.0
20150515,19532.0,19735.0,19208.0,19344.0,57044,201465,0,0,0.0
20150518,19368.0,19437.0,19132.0,19174.0,48377,201249,0,0,0.0
20150519,19187.0,19256.0,18705.0,18823.0,71624,198668,0,0,0.0
20150520,18871.0,18993.0,18728.0,18835.0,42595,192385,0,0,0.0
20150521,18883.0,19104.0,18775.0,18864.0,56360,192394,0,0,0.0
20150522,18906.0,18940.0,18483.0,18507.0,69263,184669,0,0,0.0
20150526,18508.0,18922.0,18477.0,18799.0,61314,181020,0,0,0.0
20150527,18824.0,18904.0,18547.0,18559.0,47999,175475,0,0,0.0
20150528,18572.0,18787.0,18524.0,18752.0,50608,173262,0,0,0.0
20150529,18783.0,19601.0,18711.0,19495.0,121060,172518,0,0,0.0
20150601,19573.0,20262.0,19401.0,20185.0,97767,173866,0,0,0.0
20150602,20187.0,20449.0,19945.0,19986.0,80072,174436,0,0,0.0
20150603,20035.0,20414.0,19863.0,20314.0,74854,167263,0,0,0.0
20150604,20339.0,20355.0,20091.0,20197.0,44702,173252,0,0,0.0
20150605,20187.0,20653.0,20097.0,20343.0,77411,171723,0,0,0.0
20150608,20316.0,20355.0,19904.0,19945.0,77391,164674,0,0,0.0
20150609,19971.0,20197.0,19810.0,19846.0,75543,153738,0,0,0.0
20150610,19901.0,20045.0,19629.0,19811.0,76308,140772,0,0,0.0
20150611,19825.0,19922.0,19372.0,19472.0,60395,128839,0,0,0.0
20150612,19456.0,19641.0,19354.0,19384.0,62109,119282,0,0,0.0
20150615,19327.0,19366.0,18991.0,19121.0,94296,112818,0,0,0.0
20150616,19134.0,19360.0,19079.0,19244.0,64800,104045,0,0,0.0
20150617,19245.0,19442.0,19126.0,19215.0,62355,95130,0,0,0.0
20150618,19192.0,19225.0,18839.0,18864.0,55746,84350,0,0,0.0
20150619,18905.0,19260.0,18810.0,19039.0,44929,77817,201508,201508,0.0
20150622,19069.0,19400.0,18980.0,19232.0,18214,52842,0,0,66.0
20150623,19337.0,19371.0,19091.0,19180.0,15484,53325,0,0,0.0
20150624,19174.0,19628.0,19120.0,19442.0,28454,54647,0,0,0.0
20150625,19431.0,19692.0,19382.0,19500.0,35548,56184,0,0,0.0
20150626,19507.0,19739.0,19359.0,19418.0,34770,59782,0,0,0.0
20150629,19379.0,19523.0,19242.0,19301.0,37634,63081,0,0,0.0
20150630,19292.0,19715.0,19096.0,19616.0,39785,65972,0,0,0.0
20150701,19624.0,19663.0,19242.0,19313.0,27267,67653,0,0,0.0
20150702,19292.0,19599.0,19225.0,19517.0,18000,65847,0,0,0.0
20150706,19508.0,19529.0,19009.0,19086.0,27476,65274,0,0,0.0
20150707,19094.0,19220.0,18350.0,18375.0,48781,63609,0,0,0.0
20150708,18435.0,18724.0,18263.0,18474.0,36409,60261,0,0,0.0
20150709,18522.0,18957.0,18415.0,18870.0,24069,58854,0,0,0.0
20150710,18884.0,19149.0,18829.0,18899.0,26574,57473,0,0,0.0
20150713,18843.0,19184.0,18759.0,19086.0,15354,58141,0,0,0.0
20150714,19035.0,19219.0,18800.0,18888.0,24095,58241,0,0,0.0
20150715,18825.0,19003.0,18398.0,18451.0,25205,54860,0,0,0.0
20150716,18481.0,18636.0,18305.0,18340.0,17923,51051,0,0,0.0
20150717,18294.0,18613.0,18223.0,18527.0,15632,46933,0,0,0.0
20150720,18533.0,18572.0,18270.0,18469.0,16577,45598,0,0,0.0
20150721,18539.0,18840.0,18451.0,18615.0,20255,44609,201512,201512,0.0
20150722,18632.0,18735.0,18090.0,18248.0,51049,178308,0,0,252.0
20150723,18246.0,18401.0,18102.0,18173.0,44753,181152,0,0,0.0
20150724,18206.0,18297.0,17717.0,17747.0,47091,180113,0,0,0.0
20150727,17734.0,17796.0,17406.0,17534.0,54662,182437,0,0,0.0
20150728,17596.0,17928.0,17504.0,17879.0,48228,183967,0,0,0.0
20150729,17901.0,17916.0,17573.0,17614.0,45724,185910,0,0,0.0
20150730,17625.0,17887.0,17550.0,17672.0,37074,186043,0,0,0.0
20150731,17654.0,17709.0,17435.0,17482.0,33909,184640,0,0,0.0
20150803,17464.0,17536.0,17165.0,17430.0,44755,185117,0,0,0.0
20150804,17412.0,17634.0,17320.0,17418.0,40896,184857,0,0,0.0
20150805,17441.0,17576.0,17170.0,17280.0,47077,186862,0,0,0.0
20150806,17280.0,17449.0,17187.0,17297.0,39998,189076,0,0,0.0
20150807,17309.0,17668.0,17187.0,17521.0,50103,188817,0,0,0.0
20150810,17631.0,17812.0,17440.0,17734.0,46318,187903,0,0,0.0
20150811,17752.0,17754.0,17285.0,17527.0,66422,186609,0,0,0.0
20150812,17545.0,17558.0,16560.0,16923.0,103993,184633,0,0,0.0
20150813,17021.0,17051.0,16715.0,16860.0,52924,189415,0,0,0.0
20150814,16929.0,16953.0,16686.0,16912.0,39508,186763,0,0,0.0
20150817,16866.0,17028.0,16738.0,16895.0,38136,186535,0,0,0.0
20150818,16854.0,16936.0,16439.0,16464.0,55444,188997,0,0,0.0
20150819,16503.0,16596.0,16134.0,16228.0,60952,189430,0,0,0.0
20150820,16238.0,16435.0,16019.0,16268.0,62197,190911,0,0,0.0
20150821,16324.0,16406.0,15783.0,15917.0,64456,193501,0,0,0.0
20150824,15846.0,15865.0,14782.0,15451.0,104394,194215,0,0,0.0
20150825,15478.0,15784.0,15156.0,15618.0,72898,195731,0,0,0.0
20150826,15645.0,15646.0,15179.0,15210.0,57889,197862,0,0,0.0
20150827,15242.0,15715.0,15231.0,15670.0,58446,195631,0,0,0.0
20150828,15760.0,16233.0,15651.0,16205.0,57727,197712,0,0,0.0
20150831,16180.0,16291.0,15709.0,16251.0,60778,198402,0,0,0.0
20150901,16220.0,16222.0,15732.0,15848.0,55655,195776,0,0,0.0
20150902,15829.0,15928.0,15525.0,15583.0,65862,198731,0,0,0.0
20150903,15639.0,15911.0,15542.0,15571.0,49408,200033,0,0,0.0
20150904,15541.0,15686.0,15335.0,15375.0,43453,202434,0,0,0.0
20150908,15397.0,15778.0,15387.0,15628.0,58507,202016,0,0,0.0
20150909,15639.0,15795.0,15445.0,15473.0,49710,205430,0,0,0.0
20150910,15438.0,15743.0,15405.0,15628.0,46332,204539,0,0,0.0
20150911,15651.0,15708.0,15186.0,15444.0,69000,204763,0,0,0.0
20150914,15380.0,15823.0,15370.0,15605.0,49820,207472,0,0,0.0
20150915,15587.0,15737.0,15318.0,15335.0,55155,208184,0,0,0.0
20150916,15345.0,15559.0,15249.0,15467.0,56241,207945,0,0,0.0
20150917,15443.0,15490.0,15249.0,15455.0,37504,207115,0,0,0.0
20150918,15426.0,15490.0,15059.0,15098.0,45442,208404,0,0,0.0
20150921,15075.0,15530.0,15059.0,15363.0,49237,213995,0,0,0.0
20150922,15386.0,15386.0,15117.0,15150.0,41118,209721,0,0,0.0
20150923,15162.0,15478.0,15152.0,15265.0,56406,210620,0,0,0.0
20150924,15225.0,15656.0,15210.0,15633.0,75510,209594,0,0,0.0
20150925,15645.0,16226.0,15601.0,16053.0,84819,206994,0,0,0.0
20150928,16077.0,16168.0,15710.0,15742.0,81692,201833,0,0,0.0
20150929,15755.0,16053.0,15566.0,15926.0,81938,203045,0,0,0.0
20150930,15939.0,16013.0,15670.0,15725.0,61107,199157,0,0,0.0
20151001,15749.0,16111.0,15687.0,15713.0,65375,196011,0,0,0.0
20151002,15697.0,16209.0,15601.0,16139.0,85208,193599,0,0,0.0
20151005,16152.0,16583.0,16055.0,16484.0,79247,196542,0,0,0.0
20151006,16492.0,16727.0,16314.0,16513.0,67277,198640,0,0,0.0
20151007,16532.0,16675.0,16279.0,16461.0,71472,196451,0,0,0.0
20151008,16457.0,16474.0,16233.0,16311.0,51103,190409,0,0,0.0
20151009,16302.0,16491.0,16141.0,16299.0,86751,187546,0,0,0.0
20151012,16290.0,16629.0,16176.0,16207.0,50569,186235,0,0,0.0
20151013,16198.0,16669.0,16176.0,16558.0,82285,180776,0,0,0.0
20151014,16561.0,16807.0,16504.0,16581.0,50477,181823,0,0,0.0
20151015,16549.0,16663.0,16285.0,16437.0,46047,177355,0,0,0.0
20151016,16491.0,16588.0,16337.0,16449.0,35040,177520,0,0,0.0
20151019,16456.0,16553.0,16164.0,16184.0,36887,176117,0,0,0.0
20151020,16220.0,16536.0,16118.0,16483.0,59847,177064,0,0,0.0
20151021,16531.0,16950.0,16463.0,16782.0,91829,171658,0,0,0.0
20151022,16848.0,16967.0,16549.0,16592.0,52498,170019,0,0,0.0
20151023,16635.0,16725.0,16336.0,16431.0,48199,165212,0,0,0.0
20151026,16445.0,16541.0,15956.0,15977.0,61579,163700,0,0,0.0
20151027,15990.0,16224.0,15852.0,16040.0,71144,157869,0,0,0.0
20151028,16053.0,16282.0,15915.0,16167.0,60967,153979,0,0,0.0
20151029,16180.0,16299.0,15990.0,16035.0,62523,152192,0,0,0.0
20151030,16048.0,16247.0,15978.0,16219.0,49928,147785,0,0,0.0
20151102,16278.0,16345.0,16007.0,16018.0,42923,144834,0,0,0.0
20151103,16048.0,16253.0,15886.0,16191.0,65518,142142,0,0,0.0
20151104,16146.0,16541.0,16082.0,16392.0,69963,138968,0,0,0.0
20151105,16434.0,16564.0,15990.0,16007.0,62148,134783,0,0,0.0
20151106,16043.0,16155.0,15817.0,16128.0,63401,130096,0,0,0.0
20151109,16135.0,16276.0,15949.0,15973.0,43376,127149,0,0,0.0
20151110,15985.0,16057.0,15558.0,15685.0,83315,125003,0,0,0.0
20151111,15691.0,15740.0,15570.0,15633.0,46377,128180,0,0,0.0
20151112,15645.0,15849.0,15524.0,15783.0,51169,122185,0,0,0.0
20151113,15789.0,15797.0,15536.0,15553.0,33462,116136,0,0,0.0
20151116,15576.0,15768.0,15381.0,15697.0,47529,114675,0,0,0.0
20151117,15703.0,15831.0,15623.0,15801.0,43671,109062,0,0,0.0
20151118,15812.0,15952.0,15565.0,15784.0,62988,102368,0,0,0.0
20151119,15783.0,15946.0,15657.0,15847.0,53051,89874,201601,201601,0.0
20151120,15858.0,16073.0,15715.0,16020.0,56300,127544,0,0,198.0
20151123,15989.0,16136.0,15823.0,16026.0,75292,133971,0,0,0.0
20151124,16046.0,16386.0,16016.0,16253.0,92501,141984,0,0,0.0
20151125,16296.0,16636.0,16192.0,16605.0,77736,148390,0,0,0.0
20151127,16558.0,16738.0,16516.0,16531.0,53463,149272,0,0,0.0
20151130,16609.0,16857.0,16505.0,16724.0,59769,152305,0,0,0.0
20151201,16905.0,17175.0,16602.0,17099.0,78312,152690,0,0,0.0
20151202,17121.0,17647.0,16971.0,17378.0,91458,146811,0,0,0.0
20151203,17388.0,17772.0,17215.0,17549.0,87496,136332,0,0,0.0
20151204,17542.0,18386.0,17448.0,18237.0,101620,126696,0,0,0.0
20151207,18281.0,18511.0,17738.0,17765.0,84267,122813,0,0,0.0
20151208,17775.0,18016.0,17505.0,17901.0,79212,115179,0,0,0.0
20151209,17917.0,18033.0,17545.0,17685.0,69947,107095,0,0,0.0
20151210,17650.0,18232.0,17539.0,18072.0,70731,99176,0,0,0.0
20151211,18082.0,18181.0,17766.0,17828.0,48667,93895,0,0,0.0
20151214,17820.0,17965.0,17505.0,17692.0,46617,89743,0,0,0.0
20151215,17689.0,17789.0,17181.0,17453.0,94200,87642,0,0,0.0
20151216,17405.0,17635.0,17039.0,17265.0,63255,74819,0,0,0.0
20151217,17229.0,17248.0,16886.0,17094.0,54856,69531,0,0,0.0
20151218,17127.0,17402.0,17051.0,17355.0,45209,61195,0,0,0.0
20151221,17355.0,17601.0,17170.0,17491.0,35371,53149,201603,201603,0.0
20151222,17503.0,17635.0,17244.0,17298.0,48251,165312,0,0,156.0
20151223,17300.0,17500.0,17205.0,17337.0,44109,166020,0,0,0.0
20151228,17548.0,17545.0,17013.0,17157.0,44890,172343,0,0,0.0
20151229,17170.0,17449.0,17109.0,17343.0,42599,169263,0,0,0.0
20151230,17384.0,17539.0,17239.0,17512.0,43381,172166,0,0,0.0
20151231,17508.0,17556.0,17216.0,17332.0,30556,173548,0,0,0.0
20160104,17311.0,17370.0,16788.0,16977.0,56403,172956,0,0,0.0
20160105,17085.0,17127.0,16681.0,16802.0,48845,170130,0,0,0.0
20160106,16786.0,16828.0,16534.0,16785.0,57338,171939,0,0,0.0
20160107,16820.0,16828.0,16540.0,16695.0,44351,173097,0,0,0.0
20160108,16702.0,16845.0,16625.0,16706.0,42252,174138,0,0,0.0
20160111,16719.0,16834.0,16456.0,16486.0,47939,172697,0,0,0.0
20160112,16499.0,16659.0,16343.0,16447.0,57867,171647,0,0,0.0
20160113,16460.0,16766.0,16416.0,16650.0,41652,171993,0,0,0.0
20160114,16663.0,16918.0,16568.0,16768.0,53504,172577,0,0,0.0
20160115,16804.0,16862.0,16579.0,16712.0,46298,172145,0,0,0.0
20160119,16697.0,17031.0,16675.0,16926.0,47437,170267,0,0,0.0
20160120,16878.0,16913.0,16652.0,16802.0,41748,170284,0,0,0.0
20160121,16844.0,17065.0,16646.0,16875.0,51300,167461,0,0,0.0
20160122,16889.0,17257.0,16854.0,17191.0,56878,165399,0,0,0.0
20160125,17233.0,17251.0,16961.0,17157.0,46585,165638,0,0,0.0
20160126,17131.0,17398.0,17023.0,17326.0,51712,162475,0,0,0.0
20160127,17300.0,17533.0,17226.0,17399.0,66077,163450,0,0,0.0
20160128,17418.0,17618.0,17203.0,17298.0,59530,162606,0,0,0.0
20160129,17322.0,17438.0,17169.0,17405.0,44547,160813,0,0,0.0
20160201,17429.0,17472.0,17220.0,17337.0,41490,158190,0,0,0.0
20160202,17350.0,17590.0,17310.0,17354.0,51483,156086,0,0,0.0
20160203,17344.0,17556.0,17299.0,17461.0,45470,152386,0,0,0.0
20160204,17434.0,17736.0,17412.0,17608.0,52244,150263,0,0,0.0
20160205,17677.0,17877.0,17587.0,17602.0,70981,146460,0,0,0.0
20160208,17649.0,17651.0,17266.0,17331.0,54462,135000,0,0,0.0
20160209,17344.0,17437.0,17176.0,17303.0,53409,124919,0,0,0.0
20160210,17288.0,17522.0,17266.0,17478.0,50117,113404,0,0,0.0
20160211,17491.0,17855.0,17463.0,17805.0,80368,104711,0,0,0.0
20160212,17790.0,18035.0,17767.0,17923.0,52064,94745,0,0,0.0
20160216,17999.0,18159.0,17643.0,17816.0,58023,90039,0,0,0.0
20160217,17835.0,18063.0,17728.0,18030.0,44984,82211,0,0,0.0
20160218,18010.0,18063.0,17891.0,17940.0,45138,79609,0,0,0.0
20160219,17959.0,18012.0,17649.0,17692.0,51308,69816,201605,201605,0.0
20160222,17739.0,17871.0,17649.0,17765.0,54160,169475,0,0,132.0
20160223,17773.0,17793.0,17324.0,17356.0,64151,177970,0,0,0.0
20160224,17398.0,17507.0,17179.0,17457.0,65895,179804,0,0,0.0
20160225,17488.0,17591.0,17274.0,17300.0,59033,179369,0,0,0.0
20160226,17348.0,17619.0,17324.0,17479.0,68003,180691,0,0,0.0
20160229,17494.0,17569.0,17240.0,17278.0,49495,182494,0,0,0.0
20160301,17332.0,17463.0,16848.0,17093.0,61346,178854,0,0,0.0
20160302,17069.0,17138.0,16837.0,16998.0,62368,178673,0,0,0.0
20160303,17007.0,17211.0,16904.0,17132.0,40433,176508,0,0,0.0
20160304,17147.0,17575.0,17122.0,17328.0,58526,173973,0,0,0.0
20160307,17343.0,17530.0,17284.0,17446.0,36856,173687,0,0,0.0
20160308,17477.0,17541.0,17273.0,17429.0,36530,172512,0,0,0.0
20160309,17393.0,17922.0,17329.0,17765.0,65901,171423,0,0,0.0
20160310,17785.0,17804.0,17642.0,17698.0,35342,178169,0,0,0.0
20160311,17712.0,18090.0,17681.0,17983.0,51912,176337,0,0,0.0
20160314,17986.0,18230.0,17877.0,18162.0,51012,179921,0,0,0.0
20160315,18126.0,18331.0,18017.0,18184.0,56422,184372,0,0,0.0
20160316,18188.0,18342.0,18073.0,18296.0,39021,193419,0,0,0.0
20160317,18311.0,18790.0,18246.0,18699.0,71561,194832,0,0,0.0
20160318,18714.0,18874.0,18587.0,18705.0,37280,205140,0,0,0.0
20160321,18636.0,18863.0,18514.0,18795.0,45014,207232,0,0,0.0
20160322,18826.0,19143.0,18727.0,18991.0,48533,211431,0,0,0.0
20160323,19016.0,19031.0,18621.0,18672.0,45988,211422,0,0,0.0
20160324,18686.0,18729.0,18369.0,18571.0,47673,207718,0,0,0.0
20160328,18619.0,18919.0,18598.0,18823.0,40921,206119,0,0,0.0
20160329,18832.0,19121.0,18749.0,19058.0,50492,204184,0,0,0.0
20160330,19073.0,19082.0,18883.0,18912.0,35750,205306,0,0,0.0
20160331,18927.0,19250.0,18771.0,19153.0,63356,206020,0,0,0.0
20160401,19162.0,19440.0,19084.0,19282.0,51031,210475,0,0,0.0
20160404,19296.0,19457.0,19213.0,19416.0,51552,213498,0,0,0.0
20160405,19419.0,19435.0,19006.0,19024.0,68076,212137,0,0,0.0
20160406,19038.0,19362.0,18889.0,19175.0,83384,202541,0,0,0.0
20160407,19189.0,19267.0,18967.0,19085.0,39564,193335,0,0,0.0
20160408,19099.0,19155.0,18872.0,18995.0,64213,188868,0,0,0.0
20160411,19037.0,19222.0,18906.0,18973.0,55171,178584,0,0,0.0
20160412,18998.0,19015.0,18643.0,18855.0,89950,170839,0,0,0.0
20160413,18892.0,19183.0,18788.0,19006.0,77674,150490,0,0,0.0
20160414,18993.0,19155.0,18743.0,18855.0,47638,142065,0,0,0.0
20160415,18931.0,18931.0,18626.0,18682.0,60578,131560,0,0,0.0
20160418,18662.0,19155.0,18536.0,19001.0,89096,123005,0,0,0.0
20160419,19032.0,19536.0,18961.0,19466.0,58816,118711,0,0,0.0
20160420,19474.0,19603.0,19207.0,19388.0,72183,113966,0,0,0.0
20160421,19390.0,19681.0,19078.0,19147.0,67480,103512,201607,201607,0.0
20160422,19099.0,19227.0,18921.0,19046.0,117961,217011,0,0,162.0
20160425,19088.0,19188.0,18893.0,18990.0,84468,227445,0,0,0.0
20160426,19016.0,19160.0,18932.0,18996.0,86570,232028,0,0,0.0
20160427,19033.0,19066.0,18488.0,18807.0,94850,233730,0,0,0.0
20160428,18816.0,18816.0,18449.0,18474.0,93256,229813,0,0,0.0
20160429,18488.0,18727.0,18371.0,18402.0,66769,225790,0,0,0.0
20160502,18421.0,18505.0,17999.0,18047.0,70435,225488,0,0,0.0
20160503,18060.0,18272.0,17844.0,17997.0,76926,221242,0,0,0.0
20160504,18032.0,18328.0,17916.0,18030.0,66139,220367,0,0,0.0
20160505,18082.0,18328.0,17855.0,17913.0,62785,218687,0,0,0.0
20160506,17893.0,18545.0,17766.0,18357.0,62974,216828,0,0,0.0
20160509,18421.0,18623.0,18155.0,18229.0,51750,213278,0,0,0.0
20160510,18227.0,18806.0,18088.0,18568.0,107698,207688,0,0,0.0
20160511,18622.0,18762.0,18432.0,18524.0,63862,210010,0,0,0.0
20160512,18594.0,18673.0,18043.0,18085.0,71355,210487,0,0,0.0
20160513,18116.0,18156.0,17821.0,18046.0,39504,211331,0,0,0.0
20160516,18022.0,18284.0,17915.0,18207.0,36418,207974,0,0,0.0
20160517,18261.0,18412.0,18154.0,18201.0,36975,205847,0,0,0.0
20160518,18222.0,18368.0,17838.0,18018.0,66566,203214,0,0,0.0
20160519,18050.0,18085.0,17250.0,17718.0,108901,201456,0,0,0.0
20160520,17733.0,17779.0,17344.0,17363.0,62936,201145,0,0,0.0
20160523,17438.0,17457.0,17089.0,17296.0,62435,200735,0,0,0.0
20160524,17299.0,17374.0,17133.0,17152.0,43214,197815,0,0,0.0
20160525,17166.0,17530.0,17100.0,17402.0,51139,196533,0,0,0.0
20160526,17383.0,17702.0,17178.0,17235.0,56088,193938,0,0,0.0
20160527,17227.0,17546.0,17156.0,17479.0,52226,192589,0,0,0.0
