Date,Open,High,Low,Close,Volume,OI,P,R,RINFO
20140604,104681.25,104800.0,104356.25,104637.5,76029,230117,0,0,0.0
20140605,104600.0,105156.0,104506.0,105088.0,135043,234542,201409,201409,0.0
20140606,105088.0,105293.0,104887.0,105069.0,91005,20319,0,0,-81.25
20140609,105050.0,105205.0,104906.0,104969.0,98940,41694,0,0,0.0
20140610,105019.0,105117.0,104643.0,104719.0,230176,92226,0,0,0.0
20140611,104713.0,105073.0,104618.0,104963.0,253954,147461,0,0,0.0
20140612,104957.0,105830.0,104924.0,105238.0,337633,218407,0,0,0.0
20140613,105789.0,106199.0,105775.0,106051.0,199017,239782,0,0,0.0
20140616,106108.0,106312.0,105994.0,106114.0,78492,241842,0,0,0.0
20140617,106133.0,106187.0,105863.0,105976.0,79109,249597,0,0,0.0
20140618,106008.0,106281.0,105688.0,105970.0,113681,250311,0,0,0.0
20140619,106214.0,106650.0,106170.0,106527.0,102167,256067,0,0,0.0
20140620,106502.0,106637.0,106276.0,106339.0,95249,258622,0,0,0.0
20140623,106389.0,106587.0,106270.0,106402.0,60715,252703,0,0,0.0
20140624,106427.0,106468.0,106051.0,106158.0,102007,253662,0,0,0.0
20140625,106158.0,106299.0,105963.0,106139.0,79664,255705,0,0,0.0
20140626,106158.0,106518.0,106082.0,106420.0,103933,256158,0,0,0.0
20140627,106427.0,106593.0,106313.0,106401.0,61097,253974,0,0,0.0
20140630,106490.0,106987.0,106319.0,106926.0,96434,255048,0,0,0.0
20140701,106953.0,107306.0,106869.0,107214.0,84165,254984,0,0,0.0
20140702,107216.0,107387.0,107144.0,107289.0,72119,253260,0,0,0.0
20140703,107297.0,107306.0,106806.0,107201.0,82078,256411,0,0,0.0
20140707,107284.0,107394.0,106950.0,107095.0,76896,252041,0,0,0.0
20140708,107090.0,107200.0,106806.0,107076.0,68057,253823,0,0,0.0
20140709,107084.0,107281.0,106862.0,107264.0,71921,253443,0,0,0.0
20140710,107253.0,107331.0,106931.0,107164.0,64631,250766,0,0,0.0
20140711,107122.0,107218.0,106831.0,107008.0,56026,249185,0,0,0.0
20140714,107022.0,107180.0,106712.0,106783.0,76542,248174,0,0,0.0
20140715,106816.0,107480.0,106643.0,107196.0,127324,253920,0,0,0.0
20140716,107173.0,107224.0,106981.0,107121.0,78488,247215,0,0,0.0
20140717,107142.0,107174.0,106812.0,106983.0,61060,245373,0,0,0.0
20140718,106917.0,107018.0,106506.0,106870.0,94836,240447,0,0,0.0
20140721,106817.0,106905.0,106631.0,106745.0,47175,239126,0,0,0.0
20140722,106748.0,106805.0,106537.0,106657.0,71431,239593,0,0,0.0
20140723,106685.0,106880.0,106431.0,106463.0,95824,239609,0,0,0.0
20140724,106535.0,106624.0,106074.0,106188.0,103467,240715,0,0,0.0
20140725,106216.0,106274.0,106043.0,106138.0,72634,238677,0,0,0.0
20140728,106141.0,106299.0,106118.0,106163.0,75685,235194,0,0,0.0
20140729,106179.0,106261.0,105868.0,105944.0,75983,235727,0,0,0.0
20140730,105935.0,106005.0,105599.0,105763.0,93210,235963,0,0,0.0
20140731,105747.0,105830.0,105386.0,105557.0,107273,230826,0,0,0.0
20140801,105584.0,105617.0,105111.0,105238.0,133915,228184,0,0,0.0
20140804,105215.0,105448.0,105130.0,105376.0,64080,227796,0,0,0.0
20140805,105409.0,105598.0,105330.0,105514.0,82856,228546,0,0,0.0
20140806,105578.0,105573.0,105180.0,105333.0,91474,228594,0,0,0.0
20140807,105365.0,105448.0,105193.0,105264.0,71831,227899,0,0,0.0
20140808,105246.0,105260.0,104836.0,104895.0,101879,224834,0,0,0.0
20140811,104877.0,105022.0,104867.0,104964.0,56265,221935,0,0,0.0
20140812,104965.0,105147.0,104779.0,105133.0,65295,221051,0,0,0.0
20140813,105109.0,105341.0,104335.0,104351.0,162642,231273,0,0,0.0
20140814,104352.0,104409.0,104160.0,104338.0,81406,227921,0,0,0.0
20140815,104327.0,104440.0,104285.0,104413.0,75062,230039,0,0,0.0
20140818,104533.0,104665.0,104510.0,104601.0,56245,230120,0,0,0.0
20140819,104589.0,104609.0,103872.0,103925.0,98344,233039,0,0,0.0
20140820,103895.0,104315.0,103747.0,103800.0,125595,226310,0,0,0.0
20140821,103789.0,103815.0,103591.0,103725.0,64394,228755,0,0,0.0
20140822,103676.0,103796.0,103572.0,103669.0,80371,228278,0,0,0.0
20140825,103513.0,103796.0,103509.0,103682.0,42555,227740,0,0,0.0
20140826,103632.0,103783.0,103428.0,103488.0,74234,227774,0,0,0.0
20140827,103451.0,103852.0,103415.0,103701.0,85613,227783,0,0,0.0
20140828,103664.0,103902.0,103609.0,103732.0,77293,228779,0,0,0.0
20140829,103752.0,103902.0,103578.0,103588.0,89877,227993,0,0,0.0
20140902,103746.0,104096.0,102990.0,103031.0,89877,227993,0,0,0.0
20140903,102995.0,103177.0,102821.0,102912.0,126412,227630,0,0,0.0
20140904,102945.0,102977.0,102133.0,102149.0,146462,229866,0,0,0.0
20140905,102069.0,102195.0,101795.0,102136.0,136062,233766,201412,201412,0.0
20140908,101225.0,101494.0,100657.0,100766.0,211642,34177,0,0,-50.0
20140909,100662.0,101025.0,100419.0,100603.0,275223,70499,0,0,0.0
20140910,100700.0,101482.0,100369.0,101298.0,334381,98658,0,0,0.0
20140911,101320.0,101739.0,101214.0,101423.0,224219,129641,0,0,0.0
20140912,101758.0,101770.0,101327.0,101655.0,143148,138777,0,0,0.0
20140915,101733.0,101757.0,101427.0,101461.0,61987,138824,0,0,0.0
20140916,101483.0,101995.0,101064.0,101793.0,127226,134300,0,0,0.0
20140917,101758.0,102289.0,101602.0,101874.0,126910,135241,0,0,0.0
20140918,101683.0,102608.0,101583.0,102393.0,133616,138298,0,0,0.0
20140919,102860.0,103346.0,101790.0,102005.0,260904,138402,0,0,0.0
20140922,101890.0,102351.0,101865.0,102287.0,86013,135051,0,0,0.0
20140923,102322.0,102651.0,101946.0,102587.0,111734,133729,0,0,0.0
20140924,102485.0,102638.0,102102.0,102174.0,87440,131629,0,0,0.0
20140925,102178.0,102194.0,101783.0,102005.0,133250,129722,0,0,0.0
20140926,102059.0,102144.0,101545.0,101636.0,87517,129293,0,0,0.0
20140929,101565.0,101775.0,101395.0,101630.0,80955,135727,0,0,0.0
20140930,101578.0,101856.0,101095.0,101323.0,128404,132032,0,0,0.0
20141001,101409.0,101637.0,101070.0,101160.0,95883,132435,0,0,0.0
20141002,101209.0,101624.0,100763.0,100979.0,122923,130395,0,0,0.0
20141003,101021.0,101055.0,99755.0,99834.0,121792,128843,0,0,0.0
20141006,99851.0,100680.0,99774.0,100447.0,88851,131082,0,0,0.0
20141007,100589.0,100868.0,100231.0,100672.0,99336,129221,0,0,0.0
20141008,100689.0,101206.0,100269.0,101073.0,120686,128026,0,0,0.0
20141009,101077.0,101488.0,100701.0,100823.0,116522,130127,0,0,0.0
20141010,100827.0,100912.0,100125.0,100410.0,89844,133782,0,0,0.0
20141013,100514.0,100862.0,100382.0,100441.0,70008,134286,0,0,0.0
20141014,100552.0,100574.0,99425.0,99502.0,122193,137997,0,0,0.0
20141015,99494.0,100511.0,99287.0,99640.0,232555,138891,0,0,0.0
20141016,100114.0,100680.0,99706.0,100460.0,148032,140562,0,0,0.0
20141017,100565.0,100868.0,100257.0,100767.0,94900,137352,0,0,0.0
20141020,100671.0,101200.0,100570.0,101136.0,63399,136096,0,0,0.0
20141021,101090.0,101238.0,100758.0,100836.0,66135,134994,0,0,0.0
20141022,100821.0,100900.0,100157.0,100398.0,84176,136107,0,0,0.0
20141023,100364.0,100462.0,100051.0,100267.0,77519,137011,0,0,0.0
20141024,100270.0,100700.0,100151.0,100567.0,69117,139167,0,0,0.0
20141027,100620.0,101007.0,100608.0,100892.0,51443,137852,0,0,0.0
20141028,100833.0,101232.0,100639.0,100898.0,71993,137608,0,0,0.0
20141029,100914.0,101094.0,100101.0,100210.0,88644,138889,0,0,0.0
20141030,100182.0,100324.0,99776.0,100110.0,85848,140263,0,0,0.0
20141031,100107.0,100161.0,99726.0,100035.0,101390,139257,0,0,0.0
20141103,99938.0,100292.0,99626.0,99947.0,85339,141890,0,0,0.0
20141104,99944.0,100192.0,99876.0,100110.0,69174,142480,0,0,0.0
20141105,100113.0,100230.0,99263.0,99954.0,128186,144125,0,0,0.0
20141106,99863.0,100105.0,98994.0,99084.0,104148,148788,0,0,0.0
20141107,99087.0,99392.0,98787.0,99253.0,105404,153922,0,0,0.0
20141110,99362.0,99580.0,99100.0,99172.0,64439,149076,0,0,0.0
20141111,99124.0,99761.0,99069.0,99391.0,72739,149429,0,0,0.0
20141112,99575.0,99730.0,98694.0,98734.0,142040,150543,0,0,0.0
20141113,98643.0,98735.0,98187.0,98346.0,78093,153221,0,0,0.0
20141114,98255.0,98278.0,97555.0,98108.0,112973,158882,0,0,0.0
20141117,98017.0,98447.0,97724.0,97864.0,77495,161509,0,0,0.0
20141118,97823.0,98097.0,97787.0,97826.0,78921,164412,0,0,0.0
20141119,97767.0,98360.0,97543.0,98095.0,110116,164790,0,0,0.0
20141120,98117.0,98473.0,97806.0,98226.0,94766,167704,0,0,0.0
20141121,98180.0,98323.0,97775.0,97894.0,82443,171822,0,0,0.0
20141124,97905.0,98323.0,97788.0,98213.0,55872,168805,0,0,0.0
20141125,98249.0,98461.0,97919.0,98288.0,72556,168598,0,0,0.0
20141126,98268.0,98899.0,98107.0,98851.0,93136,167576,0,0,0.0
20141128,98838.0,99024.0,97713.0,97731.0,112797,173082,0,0,0.0
20141201,97855.0,98636.0,97519.0,98494.0,103398,169180,0,0,0.0
20141202,98437.0,98511.0,97813.0,97849.0,79601,168053,0,0,0.0
20141203,97861.0,98367.0,97725.0,98149.0,91199,166098,0,0,0.0
20141204,98136.0,98405.0,97881.0,98074.0,98966,162145,0,0,0.0
20141205,98061.0,98211.0,97412.0,97498.0,95892,172185,201503,201503,0.0
20141208,97398.0,98086.0,97224.0,97986.0,93476,21092,0,0,-37.5
20141209,97961.0,98324.0,97762.0,97992.0,184178,51996,0,0,0.0
20141210,98030.0,98343.0,97893.0,98242.0,197930,103168,0,0,0.0
20141211,98312.0,98575.0,97918.0,98223.0,178699,130656,0,0,0.0
20141212,98400.0,98506.0,98187.0,98261.0,98765,136366,0,0,0.0
20141215,98387.0,98525.0,97592.0,97854.0,97115,145883,0,0,0.0
20141216,97867.0,98763.0,97661.0,98405.0,117795,137341,0,0,0.0
20141217,98524.0,98538.0,97204.0,97297.0,122688,140693,0,0,0.0
20141218,97435.0,98087.0,97285.0,98042.0,85259,139450,0,0,0.0
20141219,98042.0,98118.0,97629.0,97810.0,67798,137742,0,0,0.0
20141222,97748.0,98012.0,97429.0,97553.0,41535,137540,0,0,0.0
20141223,97516.0,97655.0,96884.0,97096.0,62700,141196,0,0,0.0
20141224,97103.0,97336.0,97003.0,97309.0,26158,139973,0,0,0.0
20141226,97360.0,97411.0,97210.0,97353.0,10932,140446,0,0,0.0
20141229,97347.0,97517.0,97022.0,97109.0,45378,143189,0,0,0.0
20141231,97366.0,97736.0,97285.0,97472.0,41756,142726,0,0,0.0
20150102,97485.0,97517.0,95895.0,95945.0,109740,163649,0,0,0.0
20150105,95632.0,95852.0,95125.0,95444.0,106651,159159,0,0,0.0
20150106,95419.0,95564.0,94737.0,94868.0,100994,161207,0,0,0.0
20150107,94762.0,94832.0,94192.0,94618.0,96338,164988,0,0,0.0
20150108,94512.0,94594.0,94073.0,94374.0,79777,169502,0,0,0.0
20150109,94355.0,94957.0,94342.0,94887.0,121161,172227,0,0,0.0
20150112,95044.0,95082.0,94480.0,94981.0,79426,177951,0,0,0.0
20150113,94900.0,95063.0,94342.0,94774.0,112882,177658,0,0,0.0
20150114,94875.0,95551.0,94768.0,95244.0,106772,174757,0,0,0.0
20150115,95332.0,95538.0,94799.0,95006.0,156383,180360,0,0,0.0
20150116,94969.0,95331.0,94329.0,94906.0,108128,184640,0,0,0.0
20150120,94712.0,95118.0,94223.0,94850.0,101529,181983,0,0,0.0
20150121,94793.0,94987.0,94342.0,94637.0,102378,185263,0,0,0.0
20150122,94774.0,95206.0,93691.0,93980.0,102140,187440,0,0,0.0
20150123,93923.0,94098.0,93566.0,93974.0,103615,186439,0,0,0.0
20150126,93936.0,94524.0,93798.0,94350.0,74365,185461,0,0,0.0
20150127,94406.0,95275.0,94249.0,95133.0,97591,184447,0,0,0.0
20150128,95076.0,95256.0,94700.0,94864.0,81792,182673,0,0,0.0
20150129,94782.0,94893.0,93986.0,94175.0,88826,187174,0,0,0.0
20150130,94331.0,94499.0,93811.0,94238.0,94070,187429,0,0,0.0
20150202,94419.0,94443.0,93905.0,94107.0,92915,188446,0,0,0.0
20150203,94056.0,95119.0,93799.0,94921.0,117956,181764,0,0,0.0
20150204,94832.0,95451.0,94757.0,95284.0,84442,178340,0,0,0.0
20150205,95045.0,96033.0,94926.0,95954.0,87379,179318,0,0,0.0
20150206,95965.0,96089.0,95201.0,95340.0,90135,178078,0,0,0.0
20150209,95339.0,95563.0,95126.0,95346.0,53387,175954,0,0,0.0
20150210,95214.0,95613.0,95113.0,95477.0,75218,174692,0,0,0.0
20150211,95489.0,95763.0,95251.0,95433.0,129640,172124,0,0,0.0
20150212,95376.0,96483.0,95195.0,96441.0,131406,170671,0,0,0.0
20150213,96296.0,96527.0,96209.0,96341.0,58414,167961,0,0,0.0
20150217,96459.0,96640.0,95865.0,96166.0,109574,168710,0,0,0.0
20150218,96058.0,96903.0,96028.0,96617.0,98841,168422,0,0,0.0
20150219,96640.0,96803.0,96422.0,96473.0,67066,167659,0,0,0.0
20150220,96483.0,96609.0,96040.0,96373.0,106109,170140,0,0,0.0
20150223,96345.0,96866.0,95971.0,96736.0,69365,168415,0,0,0.0
20150224,96733.0,96866.0,96409.0,96736.0,79698,167704,0,0,0.0
20150225,96714.0,97267.0,96697.0,97199.0,67782,165999,0,0,0.0
20150226,97196.0,97361.0,96365.0,96441.0,103843,164218,0,0,0.0
20150227,96464.0,96773.0,96296.0,96635.0,86989,160415,0,0,0.0
20150302,96564.0,96591.0,96089.0,96165.0,76375,162227,0,0,0.0
20150303,96151.0,96384.0,96051.0,96184.0,62802,161022,0,0,0.0
20150304,96157.0,96234.0,95469.0,95533.0,106047,163985,0,0,0.0
20150305,95556.0,95589.0,95250.0,95395.0,92434,159923,201506,201506,0.0
20150306,95468.0,95495.0,94117.0,94224.0,132020,12831,0,0,-81.25
20150309,94196.0,94781.0,94130.0,94744.0,138184,35996,0,0,0.0
20150310,94704.0,94725.0,94099.0,94387.0,184011,70462,0,0,0.0
20150311,94234.0,94531.0,93253.0,93510.0,235571,126017,0,0,0.0
20150312,93513.0,94092.0,92977.0,92990.0,262747,171415,0,0,0.0
20150313,93187.0,93277.0,92037.0,92188.0,191998,181619,0,0,0.0
20150316,92297.0,93008.0,92281.0,92890.0,91374,184544,0,0,0.0
20150317,92830.0,92958.0,92200.0,92389.0,91066,188136,0,0,0.0
20150318,92316.0,94894.0,91636.0,93072.0,179241,179191,0,0,0.0
20150319,93632.0,93992.0,91981.0,92182.0,123400,181730,0,0,0.0
20150320,92404.0,93873.0,92194.0,93573.0,125739,173747,0,0,0.0
20150323,93757.0,93773.0,92927.0,93560.0,121125,175562,0,0,0.0
20150324,93650.0,93842.0,92946.0,92958.0,107030,177918,0,0,0.0
20150325,92973.0,93648.0,92877.0,93096.0,88494,176283,0,0,0.0
20150326,93211.0,93911.0,92720.0,92927.0,101806,179920,0,0,0.0
20150327,93004.0,93447.0,92664.0,93159.0,94888,179432,0,0,0.0
20150330,93236.0,93315.0,92388.0,92777.0,81236,182695,0,0,0.0
20150331,92685.0,93133.0,92407.0,92965.0,83886,182287,0,0,0.0
20150401,92829.0,93133.0,92300.0,92858.0,94051,190156,0,0,0.0
20150402,92848.0,93120.0,92532.0,92839.0,22000,184760,0,0,0.0
20150406,93481.0,93828.0,93134.0,93447.0,41754,183929,0,0,0.0
20150407,93249.0,93440.0,92708.0,92871.0,78286,184969,0,0,0.0
20150408,92767.0,93766.0,92746.0,93203.0,100066,180769,0,0,0.0
20150409,93124.0,93227.0,91963.0,92019.0,91017,186386,0,0,0.0
20150410,92128.0,92218.0,91361.0,91750.0,91017,186386,0,0,0.0
20150413,91633.0,91949.0,91229.0,91920.0,79548,192643,0,0,0.0
20150414,91878.0,92701.0,91468.0,92565.0,109644,191918,0,0,0.0
20150415,92567.0,93039.0,92070.0,92985.0,94651,189155,0,0,0.0
20150416,92893.0,93760.0,92778.0,93681.0,94179,185054,0,0,0.0
20150417,93558.0,94286.0,93430.0,93699.0,97263,180901,0,0,0.0
20150420,93751.0,93847.0,93248.0,93336.0,55041,177436,0,0,0.0
20150421,93338.0,93779.0,93055.0,93473.0,57178,175661,0,0,0.0
20150422,93475.0,94450.0,93167.0,94238.0,88407,174743,0,0,0.0
20150423,94196.0,94393.0,93706.0,94294.0,76192,173341,0,0,0.0
20150424,94327.0,95133.0,94088.0,95059.0,84232,170672,0,0,0.0
20150427,95086.0,95596.0,94633.0,95354.0,77683,168161,0,0,0.0
20150428,95374.0,96110.0,95040.0,96062.0,113291,168059,0,0,0.0
20150429,96095.0,97080.0,95736.0,96658.0,143655,171288,0,0,0.0
20150430,96659.0,97043.0,95861.0,96207.0,147854,171136,0,0,0.0
20150501,96176.0,96448.0,94677.0,94784.0,127325,169335,0,0,0.0
20150504,94861.0,95050.0,94526.0,94721.0,79174,169808,0,0,0.0
20150505,94742.0,95326.0,94489.0,95053.0,101010,176121,0,0,0.0
20150506,95105.0,95796.0,94903.0,95486.0,116938,172905,0,0,0.0
20150507,95488.0,95684.0,94990.0,95580.0,92377,171652,0,0,0.0
20150508,96572.0,97238.0,96180.0,96795.0,187261,172306,0,0,0.0
20150511,96817.0,97807.0,96425.0,97659.0,119348,178490,0,0,0.0
20150512,97650.0,98422.0,97453.0,98210.0,123085,180628,0,0,0.0
20150513,98182.0,98785.0,97935.0,98655.0,161480,182829,0,0,0.0
20150514,98621.0,99130.0,98531.0,98768.0,109848,183653,0,0,0.0
20150515,98834.0,99037.0,98369.0,98680.0,103442,186916,0,0,0.0
20150518,98521.0,98642.0,97968.0,98085.0,80884,184288,0,0,0.0
20150519,98082.0,98166.0,96771.0,97081.0,138660,184630,0,0,0.0
20150520,97174.0,97652.0,96934.0,97389.0,106345,181666,0,0,0.0
20150521,97305.0,98354.0,97253.0,98185.0,105941,182237,0,0,0.0
20150522,98139.0,98298.0,96852.0,97025.0,104545,182412,0,0,0.0
20150526,96904.0,97151.0,96194.0,96380.0,102760,179139,0,0,0.0
20150527,96372.0,96713.0,95862.0,96085.0,96616,175440,0,0,0.0
20150528,96203.0,96393.0,95604.0,95997.0,81370,173364,0,0,0.0
20150529,95958.0,96123.0,95461.0,95796.0,84891,174782,0,0,0.0
20150601,95313.0,95891.0,95041.0,95258.0,88852,174340,0,0,0.0
20150602,95200.0,96286.0,95110.0,96166.0,108605,174737,0,0,0.0
20150603,96140.0,96330.0,95548.0,95946.0,89075,171167,0,0,0.0
20150604,96071.0,96749.0,95893.0,96291.0,87422,169423,0,0,0.0
20150605,96221.0,96348.0,95179.0,95709.0,101224,167245,201509,201509,0.0
20150608,95619.0,96211.0,95310.0,96003.0,21186,8679,0,0,0.0
20150609,96070.0,96361.0,95536.0,96261.0,36283,21800,0,0,0.0
20150610,96334.0,97389.0,96257.0,97219.0,93785,44404,0,0,0.0
20150611,97098.0,97264.0,96545.0,97169.0,64751,103077,0,0,0.0
20150612,97154.0,97671.0,96852.0,97389.0,112669,131172,0,0,0.0
20150615,97424.0,97777.0,96983.0,97721.0,63938,141643,0,0,0.0
20150616,97681.0,98022.0,97316.0,97984.0,74961,143365,0,0,0.0
20150617,98007.0,99237.0,97854.0,99119.0,117364,146421,0,0,0.0
20150618,99173.0,99776.0,98976.0,99395.0,109289,153628,0,0,0.0
20150619,99455.0,99595.0,99163.0,99445.0,58807,164076,0,0,0.0
20150622,99380.0,99638.0,98976.0,99131.0,77182,167208,0,0,0.0
20150623,99116.0,99138.0,98374.0,98411.0,97290,172544,0,0,0.0
20150624,98496.0,98962.0,98117.0,98329.0,78728,178411,0,0,0.0
20150625,98365.0,98762.0,98173.0,98523.0,76185,179288,0,0,0.0
20150626,98597.0,98736.0,98374.0,98517.0,63645,184730,0,0,0.0
20150629,98183.0,98880.0,98061.0,98548.0,110186,183831,0,0,0.0
20150630,98547.0,98805.0,98280.0,98529.0,100678,185428,0,0,0.0
20150701,98327.0,98560.0,97622.0,97702.0,91034,181160,0,0,0.0
20150702,97801.0,97946.0,97466.0,97696.0,64202,176348,0,0,0.0
20150706,97331.0,97883.0,97272.0,97721.0,71572,172118,0,0,0.0
20150707,97739.0,97752.0,96526.0,96718.0,111551,171668,0,0,0.0
20150708,96793.0,96869.0,96013.0,96161.0,85810,168237,0,0,0.0
20150709,96223.0,96574.0,96100.0,96217.0,68330,167185,0,0,0.0
20150710,96304.0,97408.0,96225.0,97100.0,97924,164556,0,0,0.0
20150713,97187.0,97634.0,96952.0,96969.0,78135,159707,0,0,0.0
20150714,97000.0,97972.0,96765.0,97896.0,95833,160194,0,0,0.0
20150715,97908.0,98179.0,97561.0,97890.0,77652,156848,0,0,0.0
20150716,97946.0,98023.0,97454.0,97740.0,60838,157600,0,0,0.0
20150717,97758.0,98173.0,97417.0,97784.0,63023,158759,0,0,0.0
20150720,97740.0,97884.0,97317.0,97508.0,55727,160030,0,0,0.0
20150721,97438.0,97652.0,97260.0,97420.0,62881,165354,0,0,0.0
20150722,97438.0,98010.0,97404.0,97702.0,85169,164505,0,0,0.0
20150723,97777.0,98153.0,97066.0,97164.0,91317,169101,0,0,0.0
20150724,97169.0,97251.0,96878.0,97151.0,49445,173456,0,0,0.0
20150727,97156.0,97684.0,97028.0,97440.0,71486,170835,0,0,0.0
20150728,97464.0,97891.0,97260.0,97691.0,72424,169183,0,0,0.0
20150729,97796.0,98279.0,97637.0,97809.0,80038,172974,0,0,0.0
20150730,97727.0,98003.0,97486.0,97716.0,61949,174382,0,0,0.0
20150731,97714.0,98210.0,97399.0,97809.0,117059,170458,0,0,0.0
20150803,97896.0,98003.0,97499.0,97609.0,73899,173798,0,0,0.0
20150804,97639.0,97934.0,97455.0,97515.0,85093,170475,0,0,0.0
20150805,97514.0,98078.0,97248.0,97702.0,100633,168379,0,0,0.0
20150806,97740.0,97947.0,96885.0,97201.0,148806,173808,0,0,0.0
20150807,97195.0,97409.0,96615.0,97058.0,120399,170518,0,0,0.0
20150810,97045.0,97766.0,96835.0,97747.0,90477,168016,0,0,0.0
20150811,97659.0,97828.0,97443.0,97477.0,74674,160674,0,0,0.0
20150812,97566.0,98104.0,97318.0,97809.0,105496,156994,0,0,0.0
20150813,97823.0,97961.0,97556.0,97816.0,59731,161740,0,0,0.0
20150814,97810.0,98129.0,97656.0,98054.0,65164,159184,0,0,0.0
20150817,98042.0,98304.0,97594.0,97635.0,64618,163003,0,0,0.0
20150818,97648.0,98461.0,97494.0,98129.0,102334,163756,0,0,0.0
20150819,98111.0,98361.0,97957.0,98298.0,72125,170649,0,0,0.0
20150820,98249.0,98373.0,97776.0,98217.0,87359,166823,0,0,0.0
20150821,98318.0,98504.0,98102.0,98348.0,90710,168883,0,0,0.0
20150824,98286.0,99011.0,97927.0,98836.0,152621,169512,0,0,0.0
20150825,98750.0,99105.0,98241.0,98267.0,101773,175396,0,0,0.0
20150826,98299.0,98484.0,96818.0,96907.0,154369,175153,0,0,0.0
20150827,96920.0,97163.0,96304.0,96638.0,113907,172796,0,0,0.0
20150828,96544.0,96755.0,96078.0,96431.0,100775,170373,0,0,0.0
20150831,96519.0,96712.0,96110.0,96167.0,63760,165466,0,0,0.0
20150901,96143.0,96537.0,95859.0,95903.0,103718,163453,0,0,0.0
20150902,95886.0,96023.0,95639.0,95866.0,72674,166542,0,0,0.0
20150903,95886.0,95948.0,95357.0,95590.0,94804,170260,0,0,0.0
20150904,95578.0,95728.0,95018.0,95139.0,78918,168990,201512,201512,0.0
20150908,95703.0,96524.0,94849.0,96417.0,38973,11484,0,0,-6.0
20150909,96399.0,96474.0,96127.0,96235.0,64964,36052,0,0,0.0
20150910,96230.0,96931.0,96077.0,96875.0,87238,80769,0,0,0.0
20150911,96731.0,96844.0,96459.0,96618.0,74251,127627,0,0,0.0
20150914,96637.0,96894.0,96284.0,96668.0,55323,145236,0,0,0.0
20150915,96625.0,96819.0,96014.0,96022.0,58947,145405,0,0,0.0
20150916,96093.0,97263.0,96021.0,97006.0,103712,145329,0,0,0.0
20150917,97058.0,97890.0,97005.0,97802.0,92892,142184,0,0,0.0
20150918,97623.0,98066.0,97174.0,97407.0,93914,143486,0,0,0.0
20150921,97247.0,97508.0,96966.0,97113.0,61212,149303,0,0,0.0
20150922,97140.0,97263.0,96090.0,96248.0,85517,151412,0,0,0.0
20150923,96220.0,96229.0,95337.0,95584.0,102314,146041,0,0,0.0
20150924,95517.0,95766.0,95213.0,95421.0,81272,150153,0,0,0.0
20150925,95361.0,95591.0,94805.0,95164.0,78847,149002,0,0,0.0
20150928,95249.0,95472.0,94949.0,95033.0,62323,151670,0,0,0.0
20150929,95029.0,95240.0,94768.0,94945.0,75100,151172,0,0,0.0
20150930,94923.0,95296.0,94624.0,94700.0,91211,155262,0,0,0.0
20151001,94760.0,95089.0,94630.0,94781.0,63467,157886,0,0,0.0
20151002,94785.0,95440.0,94768.0,95145.0,80079,159577,0,0,0.0
20151005,95080.0,95490.0,94812.0,94919.0,79154,160435,0,0,0.0
20151006,94885.0,95484.0,94830.0,95395.0,59518,162802,0,0,0.0
20151007,95430.0,96079.0,95356.0,95952.0,82278,159772,0,0,0.0
20151008,95950.0,96293.0,95601.0,96172.0,89621,154484,0,0,0.0
20151009,96144.0,96361.0,95846.0,96078.0,71363,150679,0,0,0.0
20151012,95956.0,96299.0,95933.0,96210.0,40782,147501,0,0,0.0
20151013,96112.0,96387.0,95213.0,95539.0,103058,146783,0,0,0.0
20151014,95529.0,97057.0,95520.0,96980.0,122288,151561,0,0,0.0
20151015,96995.0,97151.0,96567.0,97043.0,91254,152321,0,0,0.0
20151016,96896.0,97014.0,96660.0,96829.0,53752,156771,0,0,0.0
20151019,96721.0,97070.0,96648.0,96892.0,44589,155110,0,0,0.0
20151020,96852.0,97132.0,96698.0,96723.0,48656,157871,0,0,0.0
20151021,96745.0,96957.0,96535.0,96604.0,50009,157416,0,0,0.0
20151022,96571.0,97214.0,96284.0,96391.0,103228,155590,0,0,0.0
20151023,96420.0,96587.0,95883.0,95971.0,79748,157577,0,0,0.0
20151026,95907.0,96361.0,95883.0,96165.0,51635,153223,0,0,0.0
20151027,96158.0,96218.0,95739.0,95845.0,65678,152834,0,0,0.0
20151028,95882.0,96143.0,95520.0,95532.0,76047,152805,0,0,0.0
20151029,95644.0,95987.0,95489.0,95945.0,66634,154472,0,0,0.0
20151030,95926.0,96907.0,95908.0,96634.0,108298,151585,0,0,0.0
20151102,96809.0,97088.0,96504.0,96547.0,72084,153914,0,0,0.0
20151103,96583.0,96756.0,96222.0,96703.0,60033,152162,0,0,0.0
20151104,96614.0,96756.0,96228.0,96346.0,69506,150326,0,0,0.0
20151105,96401.0,96480.0,95250.0,95274.0,149244,153109,0,0,0.0
20151106,95285.0,95333.0,94141.0,94215.0,123835,159019,0,0,0.0
20151109,94313.0,94770.0,94235.0,94672.0,81292,164637,0,0,0.0
20151110,94690.0,94882.0,94548.0,94635.0,49782,166282,0,0,0.0
20151111,94733.0,95359.0,94723.0,95205.0,72968,168430,0,0,0.0
20151112,95335.0,95521.0,95061.0,95342.0,77356,167027,0,0,0.0
20151113,95417.0,95671.0,95149.0,95411.0,65294,165877,0,0,0.0
20151116,95391.0,95408.0,95118.0,95210.0,47435,165983,0,0,0.0
20151117,95235.0,95470.0,94949.0,95291.0,61784,167834,0,0,0.0
20151118,95329.0,95539.0,95156.0,95410.0,53946,170872,0,0,0.0
20151119,95423.0,96077.0,95414.0,95805.0,89639,169586,0,0,0.0
20151120,95792.0,95915.0,95125.0,95178.0,74901,164603,0,0,0.0
20151123,95153.0,95200.0,94661.0,94701.0,66853,162580,0,0,0.0
20151124,94758.0,94949.0,94323.0,94539.0,72326,165066,0,0,0.0
20151125,94507.0,94837.0,94342.0,94771.0,59660,167607,0,0,0.0
20151127,94771.0,94793.0,94173.0,94295.0,76581,167988,0,0,0.0
20151130,94213.0,94417.0,93947.0,94358.0,62340,177431,0,0,0.0
20151201,94382.0,94768.0,94304.0,94495.0,59905,180037,0,0,0.0
20151202,94470.0,94486.0,93326.0,93593.0,96596,179614,0,0,0.0
20151203,93649.0,94987.0,93376.0,94927.0,155734,191543,0,0,0.0
20151204,94902.0,94980.0,94485.0,94627.0,96932,182912,0,0,0.0
20151207,94663.0,94704.0,94266.0,94369.0,70112,174943,201603,201603,0.0
20151208,94288.0,94360.0,93715.0,93950.0,34907,27094,0,0,12.0
20151209,94068.0,95194.0,94016.0,95009.0,80535,49377,0,0,0.0
20151210,95103.0,95244.0,94668.0,94941.0,80293,99544,0,0,0.0
20151211,94978.0,95495.0,94775.0,95423.0,80264,143232,0,0,0.0
20151214,95216.0,95269.0,94662.0,94866.0,71825,159010,0,0,0.0
20151215,95104.0,95150.0,94174.0,94252.0,83704,161601,0,0,0.0
20151216,94245.0,94630.0,93735.0,94396.0,101280,165402,0,0,0.0
20151217,93901.0,94104.0,93153.0,93280.0,102762,168111,0,0,0.0
20151218,93425.0,93678.0,93284.0,93443.0,72754,178873,0,0,0.0
20151221,93393.0,93559.0,93234.0,93280.0,53185,183434,0,0,0.0
20151222,93293.0,93422.0,92796.0,92829.0,53082,187413,0,0,0.0
20151223,92924.0,93378.0,92883.0,93187.0,48172,193800,0,0,0.0
20151228,93519.0,93592.0,93215.0,93274.0,30531,195853,0,0,0.0
20151229,93262.0,93460.0,92658.0,92917.0,52744,196326,0,0,0.0
20151230,92836.0,93034.0,92696.0,92923.0,40279,203484,0,0,0.0
20151231,92786.0,93009.0,92270.0,92310.0,55795,204485,0,0,0.0
20160101,92786.0,93009.0,92270.0,92310.0,55795,204485,0,0,0.0
20160104,92335.0,92841.0,91887.0,92178.0,95959,211757,0,0,0.0
20160105,92229.0,92271.0,91719.0,91877.0,74050,216952,0,0,0.0
20160106,91972.0,91989.0,91493.0,91645.0,72463,221381,0,0,0.0
20160107,91683.0,91738.0,91067.0,91570.0,105298,229342,0,0,0.0
20160108,91652.0,91763.0,90885.0,90950.0,97461,234090,0,0,0.0
20160111,90912.0,91499.0,90823.0,91138.0,79292,230702,0,0,0.0
20160112,91145.0,91223.0,89933.0,90417.0,107270,235437,0,0,0.0
20160113,90399.0,90703.0,90102.0,90498.0,83378,238223,0,0,0.0
20160114,90349.0,90503.0,89983.0,90247.0,80803,239443,0,0,0.0
20160115,90343.0,90391.0,89300.0,89352.0,97181,248115,0,0,0.0
20160119,89358.0,89852.0,88536.0,88819.0,178432,257342,0,0,0.0
20160120,88756.0,89094.0,88511.0,88676.0,104905,258824,0,0,0.0
20160121,88888.0,89275.0,88216.0,89070.0,116743,265676,0,0,0.0
20160122,89120.0,89990.0,89005.0,89471.0,109846,270335,0,0,0.0
20160125,89408.0,89990.0,89005.0,89315.0,69500,270587,0,0,0.0
20160126,89240.0,90015.0,88804.0,89961.0,91916,273134,0,0,0.0
20160127,89904.0,89946.0,89168.0,89278.0,98972,271811,0,0,0.0
20160128,89246.0,90272.0,89218.0,89992.0,109197,276144,0,0,0.0
20160129,89979.0,90310.0,88661.0,89228.0,140106,270629,0,0,0.0
20160201,89227.0,90510.0,89155.0,90487.0,109494,273445,0,0,0.0
20160202,90368.0,90516.0,89770.0,90306.0,97345,268106,0,0,0.0
20160203,90293.0,91788.0,90133.0,91477.0,132690,269561,0,0,0.0
20160204,91446.0,91938.0,91042.0,91465.0,123897,269228,0,0,0.0
20160205,91339.0,91443.0,90559.0,90838.0,100547,263894,0,0,0.0
20160208,90851.0,91148.0,89926.0,90468.0,76026,258774,0,0,0.0
20160209,90431.0,90954.0,90095.0,90562.0,89888,256920,0,0,0.0
20160210,90676.0,91343.0,90465.0,91038.0,90036,253866,0,0,0.0
20160211,91102.0,91249.0,90120.0,90662.0,107555,254550,0,0,0.0
20160212,90745.0,91293.0,90496.0,90963.0,87245,255053,0,0,0.0
20160216,90870.0,91073.0,89443.0,89496.0,131648,252646,0,0,0.0
20160217,89648.0,89845.0,89179.0,89515.0,88488,258499,0,0,0.0
20160218,89535.0,90190.0,89336.0,89696.0,76388,256187,0,0,0.0
20160219,89805.0,90315.0,89267.0,89972.0,96822,252813,0,0,0.0
20160222,89567.0,89625.0,88089.0,88669.0,116080,251591,0,0,0.0
20160223,88671.0,88698.0,87763.0,87824.0,94868,250271,0,0,0.0
20160224,87888.0,87884.0,86955.0,87178.0,118780,254565,0,0,0.0
20160225,87292.0,87690.0,87098.0,87560.0,89022,260225,0,0,0.0
20160226,87448.0,87985.0,86804.0,86852.0,96841,262941,0,0,0.0
20160229,86846.0,87384.0,86685.0,87184.0,83395,266569,0,0,0.0
20160301,87241.0,87847.0,87111.0,87416.0,97948,267722,0,0,0.0
20160302,87435.0,88298.0,87186.0,88181.0,97440,269633,0,0,0.0
20160303,88230.0,88938.0,87925.0,88794.0,109527,271198,0,0,0.0
20160304,88806.0,89289.0,88395.0,89058.0,99193,264439,0,0,0.0
20160307,89126.0,89502.0,88558.0,89365.0,92908,251161,201606,201606,0.0
20160308,89358.0,89452.0,88802.0,89077.0,81857,55004,0,0,25.0
20160309,89007.0,89227.0,88827.0,89133.0,70189,129940,0,0,0.0
20160310,89051.0,89703.0,88458.0,89509.0,120808,179185,0,0,0.0
20160311,89483.0,90455.0,89316.0,90129.0,106135,243730,0,0,0.0
20160314,90084.0,90161.0,89541.0,89571.0,60558,252949,0,0,0.0
20160315,89608.0,89628.0,88583.0,88688.0,73268,249977,0,0,0.0
20160316,88681.0,89441.0,88057.0,89114.0,100426,252661,0,0,0.0
20160317,89307.0,90869.0,89102.0,90711.0,135074,252604,0,0,0.0
20160318,90729.0,90944.0,90293.0,90692.0,64954,251325,0,0,0.0
20160321,90598.0,90649.0,89998.0,90166.0,60197,251991,0,0,0.0
20160322,90022.0,90211.0,88909.0,88982.0,109904,246711,0,0,0.0
20160323,89057.0,89159.0,88225.0,88425.0,81229,245301,0,0,0.0
20160324,88450.0,88864.0,88063.0,88650.0,75145,249142,0,0,0.0
20160328,88575.0,89490.0,88470.0,89276.0,49573,250760,0,0,0.0
20160329,89315.0,90248.0,88934.0,90065.0,94245,250327,0,0,0.0
20160330,90154.0,90587.0,89973.0,90121.0,89516,249268,0,0,0.0
20160331,90085.0,90374.0,89741.0,90021.0,95743,248173,0,0,0.0
20160401,89998.0,90042.0,88783.0,89044.0,133667,243484,0,0,0.0
20160404,89102.0,89722.0,88901.0,89458.0,80627,247136,0,0,0.0
20160405,89397.0,89452.0,88457.0,88675.0,82546,242872,0,0,0.0
20160406,88701.0,88783.0,87742.0,88493.0,122772,246420,0,0,0.0
20160407,88482.0,88695.0,88012.0,88080.0,86569,245608,0,0,0.0
20160408,88056.0,88589.0,87956.0,88456.0,78604,244130,0,0,0.0
20160411,88482.0,89503.0,88375.0,89214.0,89566,243082,0,0,0.0
20160412,89184.0,89892.0,88933.0,89427.0,91272,240898,0,0,0.0
20160413,89366.0,89447.0,88908.0,89026.0,77178,235216,0,0,0.0
20160414,88983.0,89002.0,88269.0,88650.0,89934,232775,0,0,0.0
20160415,88651.0,89221.0,88539.0,88969.0,68453,232090,0,0,0.0
20160418,88845.0,89535.0,88526.0,89427.0,81197,232206,0,0,0.0
20160419,89427.0,90337.0,89397.0,90229.0,101784,235333,0,0,0.0
20160420,90185.0,90280.0,89761.0,89990.0,89416,237110,0,0,0.0
20160421,89797.0,90474.0,89478.0,89733.0,105336,233524,0,0,0.0
20160422,89691.0,90530.0,89660.0,90240.0,98782,233051,0,0,0.0
20160425,90536.0,90981.0,90223.0,90685.0,89421,234673,0,0,0.0
20160426,90718.0,91708.0,90699.0,91317.0,105219,237744,0,0,0.0
20160427,91325.0,91596.0,90668.0,91072.0,96641,242616,0,0,0.0
20160428,91055.0,91615.0,90981.0,91511.0,82927,238842,0,0,0.0
20160429,91519.0,91922.0,91314.0,91523.0,107148,242525,0,0,0.0
20160502,91450.0,92066.0,91401.0,91868.0,52247,245716,0,0,0.0
20160503,91901.0,92523.0,91019.0,91085.0,125039,247233,0,0,0.0
20160504,91061.0,91282.0,90587.0,90821.0,95656,246815,0,0,0.0
20160505,90843.0,91019.0,90480.0,90678.0,79372,243561,0,0,0.0
20160506,90736.0,91163.0,90299.0,90320.0,91111,242458,0,0,0.0
20160509,90335.0,90705.0,90048.0,90270.0,74149,234750,0,0,0.0
20160510,90260.0,90699.0,90142.0,90414.0,63749,234845,0,0,0.0
20160511,90493.0,90762.0,90179.0,90527.0,68537,236945,0,0,0.0
20160512,90480.0,91025.0,90242.0,90527.0,96223,236277,0,0,0.0
20160513,90493.0,90530.0,89822.0,89988.0,91519,238184,0,0,0.0
20160516,89910.0,90298.0,89778.0,90132.0,56559,238280,0,0,0.0
20160517,90261.0,90980.0,90229.0,90545.0,98931,237926,0,0,0.0
20160518,90594.0,91682.0,90229.0,91429.0,145467,236948,0,0,0.0
20160519,91471.0,91857.0,91219.0,91554.0,97660,237496,0,0,0.0
20160520,91483.0,91538.0,90737.0,90853.0,84027,234694,0,0,0.0
20160523,90838.0,91137.0,90461.0,90734.0,76499,228768,0,0,0.0
20160524,90738.0,91725.0,90693.0,91642.0,105308,228244,0,0,0.0
20160525,91628.0,92270.0,91464.0,92206.0,101531,234552,0,0,0.0
20160526,92123.0,92332.0,91715.0,91848.0,80011,236973,0,0,0.0
20160527,91903.0,92013.0,91490.0,91673.0,65759,234806,0,0,0.0
