Date,Open,High,Low,Close,Volume,OI,P,R,RINFO
20140516,44245.0,44305.0,43830.0,44235.0,115558,329367,0,0,0.0
20140519,44240.0,44430.0,43835.0,44360.0,94985,327499,0,0,0.0
20140520,44380.0,44495.0,44035.0,44275.0,68429,323342,0,0,0.0
20140521,44180.0,44490.0,44000.0,44440.0,85342,331889,0,0,0.0
20140522,44620.0,44620.0,44260.0,44535.0,77064,333828,0,0,0.0
20140523,44570.0,44725.0,44440.0,44680.0,55311,328463,0,0,0.0
20140526,44735.0,45045.0,44730.0,45030.0,36632,329590,0,0,0.0
20140527,44970.0,45160.0,44905.0,45100.0,58460,335721,0,0,0.0
20140528,45160.0,45170.0,44975.0,45105.0,63566,332532,0,0,0.0
20140529,45095.0,45190.0,44990.0,45155.0,43358,333374,0,0,0.0
20140530,45080.0,45175.0,44805.0,45050.0,90766,353372,0,0,0.0
20140602,45185.0,45255.0,44975.0,45120.0,70533,335581,0,0,0.0
20140603,45130.0,45150.0,44960.0,45015.0,59354,329155,0,0,0.0
20140604,44975.0,45075.0,44675.0,44990.0,89441,338313,0,0,0.0
20140605,45045.0,45790.0,44845.0,45465.0,156973,346317,201409,201409,0.0
20140606,45515.0,45865.0,45515.0,45780.0,96794,553,0,0,-30.0
20140609,45855.0,45940.0,45715.0,45870.0,51841,580,0,0,0.0
20140610,45850.0,45960.0,45780.0,45910.0,61343,699,0,0,0.0
20140611,45730.0,45750.0,45530.0,45555.0,100525,893,0,0,0.0
20140612,45555.0,45690.0,45385.0,45540.0,100471,980,0,0,0.0
20140613,45455.0,45530.0,45165.0,45420.0,187006,1000,0,0,0.0
20140616,45305.0,45310.0,45080.0,45080.0,183423,4101,0,0,0.0
20140617,45240.0,45400.0,45075.0,45340.0,318723,5003,0,0,0.0
20140618,45370.0,45610.0,45290.0,45290.0,324488,21061,0,0,0.0
20140619,45675.0,45780.0,45595.0,45605.0,186687,21053,0,0,0.0
20140620,45595.0,45635.0,45315.0,45385.0,84234,21078,0,0,0.0
20140623,45430.0,45430.0,44930.0,45135.0,105364,21125,0,0,0.0
20140624,45235.0,45325.0,44930.0,45180.0,75060,21025,0,0,0.0
20140625,44995.0,45005.0,44530.0,44655.0,105449,21188,0,0,0.0
20140626,44780.0,44790.0,44200.0,44450.0,108148,20943,0,0,0.0
20140627,44550.0,44635.0,44320.0,44440.0,72709,21088,0,0,0.0
20140630,44530.0,44580.0,44185.0,44270.0,88658,21609,0,0,0.0
20140701,44325.0,44715.0,44325.0,44655.0,73982,21045,0,0,0.0
20140702,44615.0,44700.0,44410.0,44485.0,76340,20922,0,0,0.0
20140703,44515.0,44950.0,44450.0,44945.0,33511,20778,0,0,0.0
20140707,44730.0,44730.0,44090.0,44099.0,90438,21119,0,0,0.0
20140708,44255.0,44275.0,43470.0,43469.0,128342,28894,0,0,0.0
20140709,43570.0,43740.0,43360.0,43654.0,85013,28982,0,0,0.0
20140710,43600.0,43600.0,42845.0,43049.0,148738,29980,0,0,0.0
20140711,43125.0,43350.0,43040.0,43224.0,113185,29922,0,0,0.0
20140714,43470.0,43600.0,43295.0,43549.0,142768,29955,0,0,0.0
20140715,43485.0,43565.0,42975.0,43094.0,332095,30456,0,0,0.0
20140716,43270.0,43780.0,43260.0,43739.0,309716,32164,0,0,0.0
20140717,43585.0,43670.0,42845.0,43189.0,247549,31609,0,0,0.0
20140718,42975.0,43515.0,42890.0,43414.0,102555,31114,0,0,0.0
20140721,43435.0,43435.0,43030.0,43079.0,81781,30906,0,0,0.0
20140722,43280.0,43795.0,43235.0,43749.0,121014,46954,0,0,0.0
20140723,43650.0,44010.0,43610.0,43804.0,75249,46602,0,0,0.0
20140724,43820.0,44200.0,43520.0,44154.0,99534,46278,0,0,0.0
20140725,43995.0,43995.0,43210.0,43343.0,106602,46186,0,0,0.0
20140728,43355.0,43710.0,43135.0,43508.0,99784,45981,0,0,0.0
20140729,43615.0,43910.0,43370.0,43698.0,102571,45805,0,0,0.0
20140730,43630.0,43830.0,43080.0,43158.0,119804,45573,0,0,0.0
20140731,43275.0,43375.0,42380.0,42483.0,170132,44944,0,0,0.0
20140801,42454.0,42519.0,41865.0,42063.0,150298,43921,0,0,0.0
20140804,42164.0,42519.0,42100.0,42208.0,110595,43396,0,0,0.0
20140805,42299.0,42549.0,41890.0,42373.0,106118,43150,0,0,0.0
20140806,42069.0,42244.0,41725.0,42098.0,137005,42834,0,0,0.0
20140807,42119.0,42149.0,41270.0,41538.0,152070,42973,0,0,0.0
20140808,41178.0,41849.0,41100.0,41508.0,129494,43486,0,0,0.0
20140811,41778.0,42084.0,41670.0,41988.0,182954,73956,0,0,0.0
20140812,41933.0,41964.0,41530.0,41653.0,403051,160727,0,0,0.0
20140813,41788.0,42074.0,41785.0,41973.0,300528,216664,0,0,0.0
20140814,41968.0,42229.0,41685.0,42088.0,198410,245100,0,0,0.0
20140815,42178.0,42609.0,41555.0,41758.0,143922,263184,0,0,0.0
20140818,42268.0,42454.0,42135.0,42323.0,69124,256748,0,0,0.0
20140819,42428.0,42624.0,42345.0,42583.0,57584,256631,0,0,0.0
20140820,42528.0,42594.0,42190.0,42438.0,68154,252965,0,0,0.0
20140821,42578.0,42984.0,42335.0,42953.0,73312,257007,0,0,0.0
20140822,42873.0,42979.0,42345.0,42558.0,104575,253198,0,0,0.0
20140825,42808.0,43474.0,42795.0,43449.0,64610,255131,0,0,0.0
20140826,43238.0,44004.0,43230.0,43954.0,78692,253555,0,0,0.0
20140827,43903.0,44054.0,43820.0,43989.0,62888,255093,0,0,0.0
20140828,43948.0,43969.0,43560.0,43709.0,90838,260446,0,0,0.0
20140829,43823.0,43974.0,43390.0,43829.0,83440,259951,0,0,0.0
20140901,43888.0,43949.0,43600.0,43829.0,83440,259951,0,0,0.0
20140902,43918.0,44074.0,43640.0,43809.0,41667,250716,0,0,0.0
20140903,43913.0,44489.0,43865.0,44239.0,154123,289166,0,0,0.0
20140904,44168.0,45124.0,44045.0,44984.0,148385,281436,0,0,0.0
20140905,44793.0,45024.0,44725.0,44889.0,99469,280223,201412,201412,0.0
20140908,44968.0,44999.0,44920.0,44959.0,64568,1006,0,0,-390.0
20140909,44736.0,44737.0,44738.0,44737.0,66800,1028,0,0,0.0
20140910,44585.0,44919.0,44587.0,44727.0,122038,1027,0,0,0.0
20140911,44858.0,44858.0,44355.0,44596.0,119665,2308,0,0,0.0
20140912,44656.0,44656.0,44461.0,44606.0,79647,2770,0,0,0.0
20140915,44464.0,44550.0,44395.0,44475.0,140582,4321,0,0,0.0
20140916,44439.0,44525.0,44122.0,44298.0,409563,9350,0,0,0.0
20140917,44474.0,44692.0,44430.0,44490.0,232840,12007,0,0,0.0
20140918,44641.0,44874.0,44551.0,44833.0,98756,11419,0,0,0.0
20140919,44999.0,45136.0,44743.0,44818.0,119344,11317,0,0,0.0
20140922,44696.0,44798.0,44541.0,44616.0,71686,11502,0,0,0.0
20140923,44651.0,44652.0,43749.0,43834.0,126949,12022,0,0,0.0
20140924,43818.0,44501.0,43759.0,44394.0,118101,11718,0,0,0.0
20140925,44378.0,44541.0,43709.0,43788.0,117029,11762,0,0,0.0
20140926,43863.0,44475.0,43729.0,44182.0,108371,11799,0,0,0.0
20140929,44156.0,44197.0,43648.0,43824.0,100963,11762,0,0,0.0
20140930,43924.0,44591.0,43890.0,44420.0,126152,12528,0,0,0.0
20141001,44338.0,44399.0,43653.0,43905.0,127066,12250,0,0,0.0
20141002,43813.0,43930.0,42583.0,42653.0,177338,12223,0,0,0.0
20141003,43011.0,43183.0,42845.0,43057.0,84289,12016,0,0,0.0
20141006,43496.0,43521.0,42911.0,43107.0,98359,12080,0,0,0.0
20141007,42946.0,42996.0,41962.0,42340.0,125509,11976,0,0,0.0
20141008,42002.0,42496.0,41800.0,41941.0,143098,11768,0,0,0.0
20141009,42174.0,42425.0,41169.0,41638.0,175774,11732,0,0,0.0
20141010,41129.0,41375.0,40881.0,40962.0,188286,11649,0,0,0.0
20141013,40544.0,41284.0,40396.0,41048.0,315434,12099,0,0,0.0
20141014,40867.0,41244.0,40376.0,41129.0,350263,12376,0,0,0.0
20141015,41034.0,41209.0,39129.0,39630.0,489594,13061,0,0,0.0
20141016,39848.0,40104.0,38170.0,39423.0,422376,13630,0,0,0.0
20141017,40585.0,40583.0,40582.0,40584.0,189377,12994,0,0,0.0
20141020,40595.0,40679.0,39870.0,40145.0,124523,13115,0,0,0.0
20141021,40020.0,41249.0,39951.0,41064.0,129082,12929,0,0,0.0
20141022,41297.0,41335.0,40880.0,41286.0,107656,12839,0,0,0.0
20141023,40989.0,41890.0,40744.0,41831.0,144017,12377,0,0,0.0
20141024,41569.0,41764.0,41435.0,41569.0,87670,12702,0,0,0.0
20141027,41826.0,42016.0,40885.0,41221.0,119406,12743,0,0,0.0
20141028,41589.0,41612.0,41309.0,41403.0,98701,12740,0,0,0.0
20141029,41594.0,41597.0,41183.0,41347.0,88301,13237,0,0,0.0
20141030,41488.0,41834.0,40789.0,41680.0,136771,13256,0,0,0.0
20141031,42260.0,42697.0,42071.0,42594.0,139195,13558,0,0,0.0
20141103,42573.0,42647.0,42116.0,42190.0,100065,13065,0,0,0.0
20141104,42139.0,42349.0,41485.0,41509.0,105130,13003,0,0,0.0
20141105,41892.0,42399.0,41747.0,42347.0,100630,13011,0,0,0.0
20141106,42235.0,42989.0,42070.0,42559.0,150640,12764,0,0,0.0
20141107,42800.0,42797.0,41888.0,42180.0,117981,12801,0,0,0.0
20141110,42245.0,42514.0,42029.0,42503.0,61770,12829,0,0,0.0
20141111,42735.0,42731.0,42730.0,42735.0,62823,13098,0,0,0.0
20141112,42644.0,42691.0,42023.0,42079.0,130029,25565,0,0,0.0
20141113,42346.0,42494.0,41811.0,42165.0,119178,26863,0,0,0.0
20141114,42270.0,42393.0,41922.0,42327.0,121015,26863,0,0,0.0
20141117,42063.0,42681.0,41917.0,42529.0,234333,73078,0,0,0.0
20141118,42588.0,43120.0,42512.0,42918.0,319772,156199,0,0,0.0
20141119,42946.0,43211.0,42800.0,42963.0,298908,227570,0,0,0.0
20141120,42926.0,42994.0,42295.0,42655.0,181214,244573,0,0,0.0
20141121,42759.0,43882.0,42704.0,43770.0,142968,262474,0,0,0.0
20141124,43698.0,44331.0,43678.0,44022.0,93728,261614,0,0,0.0
20141125,44122.0,44366.0,43930.0,44138.0,91827,267556,0,0,0.0
20141126,44248.0,44321.0,43950.0,44062.0,53026,0,0,0,0.0
20141127,44177.0,44311.0,43960.0,44153.0,64210,255190,0,0,0.0
20141128,44111.0,44281.0,43859.0,44244.0,70331,257509,0,0,0.0
20141201,44035.0,44205.0,43667.0,44118.0,101819,268640,0,0,0.0
20141202,44282.0,44584.0,44056.0,44219.0,99968,273254,0,0,0.0
20141203,44226.0,44402.0,44122.0,44254.0,70065,259220,0,0,0.0
20141204,44403.0,44644.0,43421.0,43568.0,151826,280116,0,0,0.0
20141205,43853.0,44614.0,43840.0,44547.0,108354,276760,201503,201503,0.0
20141208,44443.0,44442.0,43961.0,44138.0,68675,1586,0,0,5.0
20141209,43797.0,43796.0,42992.0,43043.0,143640,2585,0,0,0.0
20141210,43196.0,43241.0,42376.0,42675.0,123070,3704,0,0,0.0
20141211,42520.0,42782.0,42512.0,42625.0,145635,4566,0,0,0.0
20141212,42379.0,42383.0,41372.0,41469.0,189538,4901,0,0,0.0
20141215,41546.0,41858.0,40418.0,40460.0,286374,4969,0,0,0.0
20141216,40506.0,41404.0,39984.0,41368.0,524849,7987,0,0,0.0
20141217,40829.0,42070.0,40806.0,41535.0,297966,9213,0,0,0.0
20141218,41959.0,43145.0,41956.0,42908.0,225724,9389,0,0,0.0
20141219,43352.0,43423.0,42587.0,42888.0,153358,9341,0,0,0.0
20141222,43024.0,43378.0,42849.0,43014.0,71146,9424,0,0,0.0
20141223,43125.0,43741.0,43121.0,43630.0,64132,9829,0,0,0.0
20141224,43715.0,43716.0,43419.0,43463.0,8592,9829,0,0,0.0
20141229,43619.0,43721.0,43015.0,43650.0,71868,10163,0,0,0.0
20141231,43064.0,43176.0,43045.0,43176.0,13478,10163,0,0,0.0
20150102,43008.0,43332.0,42717.0,42919.0,101782,10913,0,0,0.0
20150105,42761.0,43080.0,41425.0,41506.0,164417,11119,0,0,0.0
20150106,41621.0,41904.0,41087.0,41223.0,151165,11145,0,0,0.0
20150107,41414.0,41879.0,41203.0,41496.0,128290,11543,0,0,0.0
20150108,42085.0,43075.0,42020.0,43015.0,153285,11075,0,0,0.0
20150109,42781.0,43075.0,41879.0,42152.0,154812,10955,0,0,0.0
20150112,42186.0,42883.0,42076.0,42667.0,219786,10845,0,0,0.0
20150113,42575.0,43514.0,42399.0,43283.0,339058,10869,0,0,0.0
20150114,42525.0,43332.0,42434.0,42627.0,401673,10594,0,0,0.0
20150115,43080.0,43786.0,41627.0,43616.0,401718,11698,0,0,0.0
20150116,43262.0,44578.0,43257.0,44201.0,154714,11628,0,0,0.0
20150119,44433.0,44628.0,44074.0,44342.0,92947,16678,0,0,0.0
20150120,44579.0,45037.0,44447.0,44867.0,99615,16940,0,0,0.0
20150121,44963.0,45294.0,44593.0,45256.0,149635,17033,0,0,0.0
20150122,45276.0,46510.0,45067.0,45958.0,171917,17204,0,0,0.0
20150123,46462.0,47161.0,46313.0,46846.0,170672,16809,0,0,0.0
20150126,46523.0,47322.0,46515.0,47189.0,106377,16548,0,0,0.0
20150127,47260.0,47256.0,46369.0,46679.0,133837,15837,0,0,0.0
20150128,47083.0,47155.0,45945.0,46538.0,113377,15808,0,0,0.0
20150129,46023.0,47135.0,45990.0,46775.0,128181,15762,0,0,0.0
20150130,46977.0,47069.0,46288.0,46508.0,142525,16138,0,0,0.0
20150202,46528.0,46948.0,46318.0,46730.0,122960,15776,0,0,0.0
20150203,46906.0,47448.0,46853.0,47215.0,130615,14655,0,0,0.0
20150204,47370.0,47398.0,46893.0,47402.0,97683,14651,0,0,0.0
20150205,46830.0,47499.0,46802.0,47503.0,99882,13391,0,0,0.0
20150206,47385.0,47504.0,46938.0,47357.0,78234,13402,0,0,0.0
20150209,46941.0,47025.0,46560.0,46973.0,124170,13867,0,0,0.0
20150210,46956.0,47610.0,46777.0,47407.0,111462,14422,0,0,0.0
20150211,47435.0,47454.0,47034.0,47220.0,114190,15295,0,0,0.0
20150212,47354.0,47913.0,47079.0,47705.0,118715,17399,0,0,0.0
20150213,47909.0,48211.0,47856.0,48038.0,117646,29651,0,0,0.0
20150216,48065.0,48115.0,47644.0,47972.0,139843,69749,0,0,0.0
20150217,47722.0,48332.0,47266.0,47997.0,335878,146700,0,0,0.0
20150218,48171.0,48549.0,48159.0,48446.0,380001,226427,0,0,0.0
20150219,48433.0,48877.0,48149.0,48799.0,192736,247790,0,0,0.0
20150220,48680.0,49341.0,48255.0,48779.0,125524,265520,0,0,0.0
20150223,49104.0,49225.0,48760.0,49077.0,77572,269056,0,0,0.0
20150224,49038.0,49462.0,48886.0,49329.0,146800,278749,0,0,0.0
20150225,49381.0,49427.0,49088.0,49294.0,80513,287325,0,0,0.0
20150226,49381.0,49573.0,49219.0,49567.0,77811,292076,0,0,0.0
20150227,49462.0,49992.0,49421.0,49981.0,87982,300264,0,0,0.0
20150302,49861.0,49972.0,49451.0,49643.0,77171,309772,0,0,0.0
20150303,49725.0,49836.0,49073.0,49164.0,75151,304673,0,0,0.0
20150304,49291.0,49705.0,49017.0,49628.0,110867,314358,0,0,0.0
20150305,49755.0,50220.0,49648.0,50082.0,87422,318870,201506,201506,0.0
20150306,50128.0,50255.0,50077.0,50117.0,83996,3537,0,0,-1130.0
20150309,49792.0,49930.0,49721.0,49838.0,83353,3548,0,0,0.0
20150310,49756.0,49775.0,49236.0,49280.0,116470,3575,0,0,0.0
20150311,49405.0,50462.0,49401.0,50437.0,82754,3583,0,0,0.0
20150312,50433.0,50441.0,50299.0,50344.0,87114,4174,0,0,0.0
20150313,50526.0,50668.0,50175.0,50571.0,94491,5615,0,0,0.0
20150316,50629.0,51184.0,50624.0,51093.0,325455,6246,0,0,0.0
20150317,51089.0,51210.0,50557.0,50783.0,358136,7953,0,0,0.0
20150318,50950.0,51081.0,50485.0,50819.0,388858,8917,0,0,0.0
20150319,50836.0,51091.0,50557.0,50871.0,124680,9751,0,0,0.0
20150320,51001.0,51540.0,50862.0,51398.0,113382,9798,0,0,0.0
20150323,51337.0,51421.0,50929.0,51114.0,89355,9789,0,0,0.0
20150324,51068.0,51597.0,50908.0,51491.0,83266,9821,0,0,0.0
20150325,51285.0,51452.0,50696.0,50794.0,106827,10041,0,0,0.0
20150326,50474.0,50683.0,49860.0,50639.0,136344,10335,0,0,0.0
20150327,50577.0,51055.0,50573.0,50913.0,101566,10106,0,0,0.0
20150330,51114.0,51535.0,51110.0,51435.0,76042,10039,0,0,0.0
20150331,51589.0,51587.0,50785.0,50929.0,140113,10468,0,0,0.0
20150401,50737.0,51675.0,50733.0,51203.0,117553,10310,0,0,0.0
20150402,51228.0,51365.0,51177.0,51337.0,55841,10035,0,0,0.0
20150407,51677.0,52258.0,51600.0,52107.0,101877,10087,0,0,0.0
20150408,52038.0,52294.0,51936.0,51988.0,119727,10057,0,0,0.0
20150409,52084.0,52914.0,52081.0,52737.0,102509,10014,0,0,0.0
20150410,52920.0,53064.0,52742.0,53057.0,102509,10014,0,0,0.0
20150413,52987.0,53240.0,52866.0,53191.0,866,10839,0,0,0.0
20150414,53039.0,53261.0,52603.0,52840.0,3733,11031,0,0,0.0
20150415,52925.0,53338.0,52825.0,53186.0,940,11775,0,0,0.0
20150416,53178.0,53178.0,52748.0,52881.0,1564,12213,0,0,0.0
20150417,52832.0,52971.0,51782.0,52034.0,1081,12148,0,0,0.0
20150420,52109.0,52563.0,52056.0,52514.0,1203,12493,0,0,0.0
20150421,52538.0,53121.0,52474.0,52659.0,2193,12566,0,0,0.0
20150422,52760.0,52987.0,52169.0,52845.0,412,13721,0,0,0.0
20150423,52987.0,53028.0,52190.0,52509.0,379,13506,0,0,0.0
20150424,52688.0,52982.0,52376.0,52741.0,414,13460,0,0,0.0
20150427,52611.0,53596.0,52061.0,53459.0,665,13382,0,0,0.0
20150428,53174.0,53358.0,52133.0,52519.0,871,13342,0,0,0.0
20150429,52570.0,52790.0,50878.0,51125.0,1264,13266,0,0,0.0
20150430,51202.0,51463.0,50651.0,51337.0,1591,13091,0,0,0.0
20150504,51326.0,51933.0,51007.0,51631.0,263,13931,0,0,0.0
20150505,51600.0,52201.0,50496.0,50588.0,669,13302,0,0,0.0
20150506,50758.0,50921.0,50253.0,50660.0,1913,13483,0,0,0.0
20150507,50520.0,50663.0,49577.0,50577.0,1086,14799,0,0,0.0
20150508,50556.0,51866.0,50522.0,51822.0,8232,15594,0,0,0.0
20150511,51790.0,51799.0,51240.0,51460.0,92295,21571,0,0,0.0
20150512,51377.0,51438.0,50336.0,50913.0,154240,75852,0,0,0.0
20150513,51078.0,51650.0,50568.0,50774.0,118096,182774,0,0,0.0
20150514,50701.0,51640.0,50155.0,51482.0,62154,265992,0,0,0.0
20150515,51403.0,51872.0,50811.0,51141.0,100852,296263,0,0,0.0
20150518,51346.0,51516.0,50496.0,51373.0,92529,297818,0,0,0.0
20150519,51625.0,52533.0,51523.0,52458.0,104552,303174,0,0,0.0
20150520,52363.0,52755.0,52220.0,52701.0,66356,308755,0,0,0.0
20150521,52606.0,52925.0,52370.0,52825.0,62208,307827,0,0,0.0
20150522,52869.0,52925.0,52551.0,52810.0,71498,311266,0,0,0.0
20150526,52554.0,52915.0,52019.0,52278.0,117927,313222,0,0,0.0
20150527,52368.0,53400.0,52262.0,53275.0,122382,339680,0,0,0.0
20150528,53112.0,53168.0,52391.0,52857.0,82826,351160,0,0,0.0
20150529,52911.0,52977.0,51358.0,51488.0,166908,344768,0,0,0.0
20150601,51827.0,52079.0,51337.0,51715.0,98855,362705,0,0,0.0
20150602,51884.0,52002.0,51038.0,51519.0,109163,351255,0,0,0.0
20150603,51564.0,52410.0,51368.0,51829.0,103174,346257,0,0,0.0
20150604,51585.0,51950.0,50594.0,51364.0,155348,347967,0,0,0.0
20150605,50996.0,51139.0,50351.0,50656.0,122655,362047,201509,201509,0.0
20150608,50826.0,50829.0,50475.0,50697.0,5,1538,0,0,-600.0
20150610,50946.0,51571.0,50893.0,51523.0,432,1632,0,0,0.0
20150612,51803.0,51916.0,51060.0,51188.0,498,2155,0,0,0.0
20150615,50700.0,50824.0,50182.0,50289.0,3940,2490,0,0,0.0
20150616,50350.0,50709.0,49597.0,50524.0,3006,5598,0,0,0.0
20150617,50664.0,50714.0,49764.0,50027.0,1440,6129,0,0,0.0
20150618,49765.0,50677.0,49246.0,50179.0,1236,6748,0,0,0.0
20150619,50215.0,50782.0,50140.0,50289.0,638,7317,0,0,0.0
20150622,51417.0,52308.0,51300.0,52224.0,661,7157,0,0,0.0
20150623,52447.0,52988.0,52445.0,52846.0,585,7223,0,0,0.0
20150624,52839.0,52883.0,52314.0,52731.0,404,7323,0,0,0.0
20150625,52562.0,53014.0,52220.0,52721.0,422,7318,0,0,0.0
20150626,52358.0,53197.0,52204.0,52920.0,467,7380,0,0,0.0
20150629,51584.0,51645.0,49946.0,50933.0,888,7344,0,0,0.0
20150630,50654.0,51138.0,49951.0,50065.0,1092,7455,0,0,0.0
20150701,50633.0,51635.0,50327.0,51053.0,618,7759,0,0,0.0
20150702,51198.0,51238.0,50484.0,50582.0,224,7544,0,0,0.0
20150706,48877.0,49858.0,48817.0,49306.0,856,7076,0,0,0.0
20150707,49300.0,49424.0,48143.0,48182.0,362,7289,0,0,0.0
20150708,48500.0,48854.0,48133.0,48517.0,236,7477,0,0,0.0
20150709,48772.0,49941.0,48671.0,49741.0,900,7381,0,0,0.0
20150710,50623.0,51786.0,50621.0,51294.0,710,7156,0,0,0.0
20150713,51198.0,52361.0,50830.0,52272.0,639,7275,0,0,0.0
20150714,52390.0,52743.0,52111.0,52633.0,356,7139,0,0,0.0
20150715,52615.0,52884.0,52430.0,52795.0,447,6837,0,0,0.0
20150716,52944.0,53825.0,52942.0,53558.0,751,6962,0,0,0.0
20150717,53592.0,53736.0,53449.0,53621.0,438,7112,0,0,0.0
20150720,53681.0,54222.0,53679.0,53788.0,7762,7110,0,0,0.0
20150721,53916.0,53929.0,53245.0,53406.0,1260,14481,0,0,0.0
20150722,53216.0,53328.0,53005.0,53165.0,591,14730,0,0,0.0
20150723,53404.0,53511.0,52880.0,53212.0,328,15103,0,0,0.0
20150724,53049.0,53537.0,52577.0,52930.0,314,15142,0,0,0.0
20150727,52730.0,52727.0,51422.0,51544.0,513,15303,0,0,0.0
20150728,51789.0,52262.0,51626.0,52056.0,389,15379,0,0,0.0
20150729,52108.0,52748.0,52018.0,52469.0,210,15455,0,0,0.0
20150730,52756.0,52931.0,52326.0,52767.0,700,15501,0,0,0.0
20150731,52892.0,53198.0,52650.0,53164.0,429,15253,0,0,0.0
20150803,53195.0,53585.0,53000.0,53551.0,463,15323,0,0,0.0
20150804,53420.0,53517.0,53105.0,53446.0,99,15360,0,0,0.0
20150805,53551.0,54411.0,53549.0,54345.0,779,15269,0,0,0.0
20150806,54152.0,54536.0,54056.0,54319.0,865,15440,0,0,0.0
20150807,54236.0,54348.0,53883.0,53932.0,1211,15626,0,0,0.0
20150810,54158.0,54348.0,53658.0,54329.0,728,16305,0,0,0.0
20150811,54069.0,54207.0,53276.0,53351.0,682,17098,0,0,0.0
20150812,53112.0,53109.0,51326.0,51526.0,1707,17591,0,0,0.0
20150813,52239.0,52524.0,52011.0,52148.0,1140,18394,0,0,0.0
20150814,51978.0,52461.0,51645.0,51824.0,1520,19267,0,0,0.0
20150817,52083.0,52560.0,51436.0,52138.0,33271,19916,0,0,0.0
20150818,52240.0,52314.0,51802.0,51997.0,133876,40517,0,0,0.0
20150819,51764.0,51770.0,50987.0,51077.0,105892,143666,0,0,0.0
20150820,51043.0,51106.0,49497.0,50010.0,74108,217539,0,0,0.0
20150821,49015.0,49935.0,47861.0,48421.0,170688,230871,0,0,0.0
20150824,46961.0,47483.0,44176.0,45833.0,335491,230871,0,0,0.0
20150825,45952.0,48053.0,45948.0,47710.0,223897,281161,0,0,0.0
20150826,47154.0,47975.0,46283.0,47062.0,185509,268981,0,0,0.0
20150827,47980.0,49000.0,47830.0,48688.0,154244,244603,0,0,0.0
20150828,48691.0,48948.0,48316.0,48876.0,101686,241175,0,0,0.0
20150831,48367.0,48833.0,48170.0,48646.0,70765,228230,0,0,0.0
20150901,47656.0,48075.0,46868.0,47485.0,150481,228801,0,0,0.0
20150902,47515.0,48117.0,47192.0,47626.0,124258,237467,0,0,0.0
20150903,47996.0,49063.0,47908.0,48651.0,128936,236115,0,0,0.0
20150904,47897.0,48237.0,46894.0,47307.0,120400,236686,201512,201512,0.0
20150908,47688.0,48080.0,47657.0,47631.0,5618,292,0,0,270.0
20150909,48696.0,49026.0,47543.0,48327.0,1674,5846,0,0,0.0
20150910,47890.0,48143.0,47553.0,47625.0,55,7419,0,0,0.0
20150911,47589.0,47779.0,47070.0,47105.0,676,7461,0,0,0.0
20150914,47397.0,47394.0,46717.0,46798.0,4374,8102,0,0,0.0
20150915,46929.0,47524.0,46717.0,47328.0,1317,11025,0,0,0.0
20150916,47501.0,48246.0,47491.0,48128.0,3476,11818,0,0,0.0
20150917,48301.0,48641.0,47964.0,48222.0,2033,12440,0,0,0.0
20150918,48083.0,48080.0,46530.0,46954.0,1562,13161,0,0,0.0
20150921,46950.0,47680.0,46883.0,47479.0,534,13307,0,0,0.0
20150922,47454.0,47457.0,45703.0,45847.0,1196,13087,0,0,0.0
20150923,45671.0,46412.0,45563.0,45899.0,315,13278,0,0,0.0
20150924,45837.0,45934.0,44581.0,44989.0,1190,13009,0,0,0.0
20150925,45931.0,46724.0,45927.0,46377.0,636,13009,0,0,0.0
20150928,45993.0,46272.0,45018.0,45171.0,476,13012,0,0,0.0
20150929,44398.0,45311.0,44379.0,45025.0,268,12968,0,0,0.0
20150930,45728.0,46293.0,45725.0,46189.0,393,13025,0,0,0.0
20151001,46736.0,46917.0,45683.0,45888.0,230,13263,0,0,0.0
20151002,46294.0,46844.0,45486.0,46247.0,384,13198,0,0,0.0
20151005,47188.0,48242.0,47019.0,47848.0,502,13350,0,0,0.0
20151006,47900.0,48455.0,47580.0,48321.0,153,13381,0,0,0.0
20151007,48492.0,49027.0,48250.0,48389.0,378,13359,0,0,0.0
20151008,48383.0,49011.0,48198.0,48503.0,188,13530,0,0,0.0
20151009,49022.0,49084.0,48666.0,48752.0,343,13374,0,0,0.0
20151013,48362.0,48362.0,47715.0,48191.0,969,13603,0,0,0.0
20151014,47884.0,48284.0,47554.0,47843.0,378,13568,0,0,0.0
20151015,48289.0,48892.0,48110.0,48519.0,695,13177,0,0,0.0
20151016,48793.0,48954.0,48604.0,48810.0,310,13382,0,0,0.0
20151019,48642.0,49136.0,48640.0,48826.0,882,13177,0,0,0.0
20151020,48710.0,48866.0,48266.0,48504.0,249,13559,0,0,0.0
20151021,48793.0,48954.0,48266.0,48722.0,487,13631,0,0,0.0
20151022,48466.0,50201.0,48463.0,49850.0,577,13711,0,0,0.0
20151023,50326.0,51349.0,50287.0,51108.0,1405,13967,0,0,0.0
20151026,51230.0,51229.0,50672.0,50843.0,1242,14293,0,0,0.0
20151027,50757.0,50792.0,50345.0,50360.0,129,14672,0,0,0.0
20151028,50539.0,51177.0,50402.0,50781.0,743,14219,0,0,0.0
20151029,50950.0,51000.0,50329.0,50724.0,280,14494,0,0,0.0
20151030,50804.0,50943.0,50511.0,50838.0,662,14464,0,0,0.0
20151102,50518.0,51270.0,50329.0,51041.0,790,14742,0,0,0.0
20151103,51131.0,51395.0,50869.0,51244.0,529,14996,0,0,0.0
20151104,51396.0,51821.0,51269.0,51369.0,283,14813,0,0,0.0
20151105,51531.0,51972.0,51248.0,51696.0,1946,14885,0,0,0.0
20151106,51718.0,52019.0,51217.0,51743.0,648,15614,0,0,0.0
20151109,51864.0,51863.0,50910.0,50995.0,558,15402,0,0,0.0
20151110,51194.0,51291.0,50609.0,51021.0,429,15693,0,0,0.0
20151112,51360.0,51530.0,50079.0,50439.0,2542,16320,0,0,0.0
20151113,50160.0,50449.0,49450.0,49935.0,1843,18559,0,0,0.0
20151116,49110.0,50506.0,49008.0,49909.0,40354,19066,0,0,0.0
20151117,50555.0,51337.0,50271.0,51297.0,136494,55532,0,0,0.0
20151118,50981.0,51425.0,50671.0,50970.0,117875,158229,0,0,0.0
20151119,51350.0,51576.0,50894.0,51064.0,42846,235971,0,0,0.0
20151120,51033.0,51285.0,50686.0,51043.0,85227,255882,0,0,0.0
20151123,51054.0,51051.0,50463.0,50809.0,73121,267257,0,0,0.0
20151124,50680.0,50713.0,49574.0,50081.0,128548,272889,0,0,0.0
20151125,50238.0,51040.0,50073.0,50850.0,90835,289524,0,0,0.0
20151127,51101.0,51560.0,50941.0,51235.0,63171,278557,0,0,0.0
20151130,51179.0,51690.0,50905.0,51521.0,62044,275314,0,0,0.0
20151201,51688.0,51747.0,50889.0,51084.0,81471,279690,0,0,0.0
20151202,51272.0,51362.0,50463.0,50996.0,86976,284637,0,0,0.0
20151203,50809.0,51710.0,48431.0,49156.0,235248,287428,0,0,0.0
20151204,48663.0,49600.0,48493.0,48984.0,152229,317533,0,0,0.0
20151207,49552.0,49922.0,49169.0,49431.0,90844,301346,201603,201603,0.0
20151214,47177.0,47885.0,46275.0,46338.0,1428,5304,0,0,0.0
20151215,46990.0,47932.0,46862.0,47825.0,1323,5747,0,0,0.0
20151216,47915.0,48789.0,47595.0,47934.0,6208,6507,0,0,0.0
20151217,48674.0,49220.0,48484.0,48485.0,1046,9811,0,0,0.0
20151218,48092.0,48399.0,47673.0,47950.0,382,9964,0,0,0.0
20151221,47733.0,48420.0,47356.0,47399.0,374,9988,0,0,0.0
20151222,47884.0,47890.0,46987.0,47420.0,116,10047,0,0,0.0
20151223,48097.0,48576.0,47995.0,48543.0,62,9796,0,0,0.0
20151228,48430.0,48467.0,47922.0,47950.0,25,9757,0,0,0.0
20151229,48362.0,48758.0,48359.0,48818.0,177,9773,0,0,0.0
20160104,47437.0,47433.0,46634.0,46952.0,843,9934,0,0,0.0
20160105,47515.0,47511.0,46514.0,47108.0,334,10268,0,0,0.0
20160106,46819.0,46815.0,46166.0,46500.0,186,10180,0,0,0.0
20160107,45639.0,45874.0,44872.0,45710.0,192,10180,0,0,0.0
20160108,45670.0,46004.0,44758.0,44972.0,532,10252,0,0,0.0
20160111,44584.0,45469.0,44581.0,44764.0,605,10382,0,0,0.0
20160112,44709.0,45937.0,44617.0,45450.0,196,10371,0,0,0.0
20160113,45920.0,46322.0,44575.0,45575.0,624,10322,0,0,0.0
20160114,44886.0,45288.0,43931.0,44743.0,1432,10467,0,0,0.0
20160115,44886.0,45288.0,43931.0,44743.0,1432,10467,0,0,0.0
20160119,43582.0,44108.0,43172.0,43470.0,3027,10360,0,0,0.0
20160120,44050.0,44680.0,43712.0,44317.0,566,12460,0,0,0.0
20160121,43291.0,43324.0,42215.0,42784.0,513,12763,0,0,0.0
20160122,42802.0,43916.0,42589.0,43626.0,3041,12551,0,0,0.0
20160126,45213.0,45210.0,44361.0,44712.0,729,12213,0,0,0.0
20160127,44064.0,45345.0,43815.0,45201.0,248,12260,0,0,0.0
20160128,45213.0,45558.0,44688.0,45445.0,372,12372,0,0,0.0
20160129,44974.0,45667.0,44465.0,44852.0,656,12012,0,0,0.0
20160202,46039.0,46036.0,45161.0,45632.0,576,12781,0,0,0.0
20160203,45473.0,45475.0,44137.0,44509.0,427,13034,0,0,0.0
20160204,44153.0,44612.0,43467.0,43922.0,635,13094,0,0,0.0
20160205,43862.0,44274.0,43451.0,43647.0,2946,13864,0,0,0.0
20160208,43748.0,43863.0,42069.0,42254.0,1093,16605,0,0,0.0
20160209,41997.0,42450.0,41040.0,41537.0,1133,17480,0,0,0.0
20160210,41607.0,42751.0,41482.0,42197.0,3781,17672,0,0,0.0
20160211,41586.0,41691.0,40453.0,40487.0,1029,20043,0,0,0.0
20160212,40838.0,41613.0,40780.0,41511.0,5460,20398,0,0,0.0
20160216,43000.0,43208.0,42453.0,42712.0,103496,37906,0,0,0.0
20160217,42828.0,44169.0,42614.0,44001.0,128767,112630,0,0,0.0
20160218,44086.0,44465.0,43752.0,44053.0,68326,190751,0,0,0.0
20160219,44018.0,44231.0,43440.0,43887.0,106672,199118,0,0,0.0
20160222,44070.0,44725.0,44053.0,44672.0,68868,217751,0,0,0.0
20160223,44361.0,44709.0,43908.0,44048.0,81258,216459,0,0,0.0
20160224,43862.0,44096.0,42765.0,43190.0,118242,220833,0,0,0.0
20160225,43748.0,44475.0,43570.0,44157.0,101339,229089,0,0,0.0
20160226,44543.0,45234.0,44495.0,44843.0,101703,233662,0,0,0.0
20160229,44460.0,45307.0,44194.0,45248.0,91673,237173,0,0,0.0
20160301,44855.0,46060.0,44828.0,45804.0,89600,230286,0,0,0.0
20160302,46128.0,46237.0,45571.0,45991.0,94880,229399,0,0,0.0
20160303,46097.0,46097.0,45628.0,45897.0,72696,236631,0,0,0.0
20160304,46035.0,46565.0,45851.0,46318.0,82026,233274,0,0,0.0
20160307,46227.0,46336.0,45778.0,46172.0,71440,229399,201606,201606,0.0
20160308,45920.0,46139.0,45388.0,45798.0,74,466,0,0,-1300.0
20160309,45963.0,46284.0,45972.0,46028.0,386,509,0,0,0.0
20160310,46081.0,47360.0,44842.0,45214.0,1880,677,0,0,0.0
20160311,45621.0,46680.0,45629.0,46740.0,1116,2246,0,0,0.0
20160314,47045.0,47060.0,46807.0,46885.0,2111,3298,0,0,0.0
20160315,46643.0,46632.0,46330.0,46532.0,1340,5088,0,0,0.0
20160316,46638.0,46793.0,46218.0,46436.0,4152,5649,0,0,0.0
20160317,46750.0,46761.0,45420.0,46206.0,1131,8709,0,0,0.0
20160318,46193.0,46504.0,45950.0,46410.0,474,8684,0,0,0.0
20160321,46247.0,46643.0,46009.0,46110.0,562,8781,0,0,0.0
20160322,46054.0,46220.0,45393.0,46158.0,642,8969,0,0,0.0
20160323,46247.0,46552.0,45800.0,46099.0,510,9084,0,0,0.0
20160324,45867.0,45856.0,45034.0,45097.0,620,8991,0,0,0.0
20160329,45407.0,45626.0,45184.0,45493.0,515,8842,0,0,0.0
20160330,45712.0,46536.0,45698.0,46329.0,768,8758,0,0,0.0
20160331,46092.0,46081.0,45537.0,45692.0,934,9106,0,0,0.0
20160401,45123.0,45123.0,44386.0,45012.0,656,9009,0,0,0.0
20160404,45053.0,45524.0,44547.0,45242.0,1201,9018,0,0,0.0
20160405,44716.0,44742.0,44119.0,44219.0,697,9256,0,0,0.0
20160406,43966.0,44731.0,43974.0,44589.0,268,9293,0,0,0.0
20160407,44721.0,44892.0,43872.0,44177.0,336,9052,0,0,0.0
20160408,44507.0,44908.0,44220.0,44798.0,410,9099,0,0,0.0
20160411,44694.0,45138.0,44413.0,44894.0,506,9193,0,0,0.0
20160412,44806.0,45374.0,44429.0,45231.0,817,9200,0,0,0.0
20160413,45540.0,46771.0,45548.0,46784.0,1015,9543,0,0,0.0
20160414,46772.0,47044.0,46619.0,47030.0,2812,9755,0,0,0.0
20160415,46901.0,46905.0,46726.0,46864.0,71,11215,0,0,0.0
20160418,46344.0,47033.0,46099.0,46993.0,743,11133,0,0,0.0
20160419,47136.0,47750.0,47106.0,47668.0,788,11382,0,0,0.0
20160420,47318.0,48060.0,47326.0,47936.0,968,11462,0,0,0.0
20160421,48148.0,48140.0,47535.0,47829.0,675,11095,0,0,0.0
20160422,47730.0,47856.0,47589.0,47722.0,804,11335,0,0,0.0
20160425,47698.0,47701.0,47214.0,47476.0,3220,11165,0,0,0.0
20160426,47580.0,47910.0,47268.0,47444.0,1128,13659,0,0,0.0
20160427,47489.0,47910.0,47407.0,47733.0,1251,14402,0,0,0.0
20160428,47355.0,47664.0,46936.0,47717.0,489,15035,0,0,0.0
20160429,47157.0,47150.0,46272.0,46373.0,2561,15300,0,0,0.0
20160502,46611.0,46706.0,46422.0,46560.0,335,17363,0,0,0.0
20160503,46525.0,46578.0,45715.0,45799.0,639,17345,0,0,0.0
20160504,45850.0,45946.0,45217.0,45306.0,888,17601,0,0,0.0
20160505,45379.0,45641.0,45201.0,45386.0,348,17383,0,0,0.0
20160506,45234.0,45523.0,44708.0,45295.0,795,17529,0,0,0.0
20160509,45609.0,45924.0,45313.0,45531.0,5777,17733,0,0,0.0
20160510,45711.0,46218.0,45661.0,45858.0,341,22754,0,0,0.0
20160511,45845.0,45833.0,45345.0,45628.0,7407,22616,0,0,0.0
20160512,45540.0,46063.0,45093.0,45382.0,1162,25589,0,0,0.0
20160513,45288.0,45822.0,44959.0,45698.0,5893,21665,0,0,0.0
20160516,45363.0,45758.0,45130.0,45618.0,40182,26639,0,0,0.0
20160517,45775.0,46213.0,45210.0,45527.0,154383,54889,0,0,0.0
20160518,45315.0,45854.0,45189.0,45763.0,168772,168904,0,0,0.0
20160519,45422.0,45672.0,45253.0,45356.0,93600,276846,0,0,0.0
20160520,45834.0,46127.0,45665.0,46122.0,116168,295847,0,0,0.0
20160523,46107.0,46223.0,45601.0,45892.0,83079,301948,0,0,0.0
20160524,45721.0,47229.0,45612.0,47049.0,121921,300212,0,0,0.0
20160525,47306.0,47721.0,47256.0,47649.0,82459,320644,0,0,0.0
20160526,47552.0,47978.0,47502.0,47992.0,76748,310938,0,0,0.0
20160527,47964.0,48096.0,47802.0,48051.0,52261,306247,0,0,0.0
