Date,Open,High,Low,Close,Volume,OI,P,R,RINFO
20140603,30700.0,30740.0,30540.0,30700.0,31626,74623,0,0,0.0
20140604,30790.0,30930.0,30640.0,30880.0,41379,67410,0,0,0.0
20140605,30910.0,31040.0,30700.0,30920.0,36076,61788,0,0,0.0
20140606,30900.0,31060.0,30580.0,30790.0,50126,46932,201409,201409,0.0
20140609,30760.0,30900.0,30580.0,30780.0,39322,92574,0,0,20.0
20140610,30900.0,30910.0,30710.0,30830.0,50982,101861,0,0,0.0
20140611,30800.0,31160.0,30530.0,31000.0,47340,105939,0,0,0.0
20140612,31070.0,31170.0,30480.0,30600.0,47456,106679,0,0,0.0
20140613,30550.0,31230.0,30530.0,31010.0,29127,110119,0,0,0.0
20140616,30930.0,31070.0,30890.0,31040.0,15238,111991,0,0,0.0
20140617,31040.0,31220.0,30890.0,31060.0,11752,113466,0,0,0.0
20140618,31060.0,31200.0,30970.0,31160.0,10881,114986,0,0,0.0
20140619,31150.0,31260.0,30950.0,31140.0,13986,115453,0,0,0.0
20140620,31060.0,31180.0,30660.0,31060.0,19276,116251,0,0,0.0
20140623,31040.0,31060.0,30740.0,30780.0,12709,115779,0,0,0.0
20140624,30760.0,30810.0,30390.0,30410.0,18993,113578,0,0,0.0
20140625,30410.0,30730.0,30380.0,30660.0,18184,113120,0,0,0.0
20140626,30680.0,30730.0,30470.0,30510.0,18702,111943,0,0,0.0
20140627,30580.0,31360.0,30580.0,31329.0,28623,112601,0,0,0.0
20140630,31270.0,31400.0,31170.0,31249.0,17827,111798,0,0,0.0
20140701,31120.0,31250.0,30940.0,31169.0,10444,110782,0,0,0.0
20140702,31160.0,31390.0,30790.0,31149.0,23533,108430,0,0,0.0
20140703,31350.0,31470.0,30950.0,31039.0,16353,106082,0,0,0.0
20140707,30980.0,31010.0,30830.0,30969.0,9478,104829,0,0,0.0
20140708,30890.0,31260.0,30860.0,31139.0,18670,104076,0,0,0.0
20140709,31160.0,31160.0,30670.0,30849.0,22182,100793,0,0,0.0
20140710,30820.0,30900.0,30530.0,30789.0,24044,99922,0,0,0.0
20140711,30760.0,30920.0,30660.0,30879.0,13212,99587,0,0,0.0
20140714,30860.0,30920.0,30730.0,30809.0,12646,99077,0,0,0.0
20140715,30810.0,31270.0,30800.0,31039.0,26919,98244,0,0,0.0
20140716,30980.0,31080.0,30490.0,30599.0,28133,96832,0,0,0.0
20140717,30580.0,30850.0,30550.0,30619.0,22254,95026,0,0,0.0
20140718,30720.0,30930.0,30620.0,30799.0,20196,94466,0,0,0.0
20140721,30800.0,31280.0,30680.0,31259.0,41451,94293,0,0,0.0
20140722,31140.0,31370.0,31130.0,31289.0,21871,93482,0,0,0.0
20140723,31280.0,32020.0,31250.0,31829.0,70628,89102,0,0,0.0
20140724,31910.0,32320.0,31870.0,31959.0,34579,88638,0,0,0.0
20140725,31950.0,32030.0,31800.0,31919.0,14724,88095,0,0,0.0
20140728,31980.0,32020.0,31580.0,31629.0,25142,84633,0,0,0.0
20140729,31690.0,31850.0,31620.0,31749.0,23227,83357,0,0,0.0
20140730,31800.0,32120.0,31780.0,32029.0,28261,81517,0,0,0.0
20140731,32080.0,32220.0,31850.0,32169.0,26709,79206,0,0,0.0
20140801,32150.0,32210.0,31520.0,32049.0,38259,69932,0,0,0.0
20140804,32040.0,32370.0,31830.0,31929.0,40731,60070,0,0,0.0
20140805,31980.0,32140.0,31680.0,31929.0,33693,53029,0,0,0.0
20140806,32010.0,32240.0,31930.0,32169.0,29522,46082,0,0,0.0
20140807,32210.0,32340.0,32070.0,32299.0,36585,39438,201412,201412,0.0
20140808,32250.0,32440.0,32080.0,32269.0,40290,122308,0,0,-140.0
20140811,32270.0,32480.0,32170.0,32329.0,39616,130685,0,0,0.0
20140812,32421.0,32560.0,32371.0,32500.0,36970,135361,0,0,0.0
20140813,32501.0,32510.0,32251.0,32430.0,28888,135799,0,0,0.0
20140814,32401.0,32600.0,32301.0,32470.0,23010,137390,0,0,0.0
20140815,32471.0,32580.0,32411.0,32550.0,12521,138867,0,0,0.0
20140818,32541.0,32811.0,32511.0,32721.0,9667,139272,0,0,0.0
20140819,32661.0,32670.0,32120.0,32159.0,24968,134962,0,0,0.0
20140820,32169.0,32670.0,32160.0,32380.0,16601,134265,0,0,0.0
20140821,32299.0,32439.0,32040.0,32119.0,13635,133353,0,0,0.0
20140822,32148.0,32278.0,31960.0,32059.0,12595,132396,0,0,0.0
20140825,32058.0,32388.0,32030.0,32310.0,5717,132996,0,0,0.0
20140826,32329.0,32418.0,32000.0,32280.0,12231,131293,0,0,0.0
20140827,32419.0,33121.0,32030.0,32230.0,17958,131656,0,0,0.0
20140828,32258.0,32539.0,32110.0,32401.0,14354,131792,0,0,0.0
20140829,32469.0,32930.0,32321.0,32411.0,29084,132913,0,0,0.0
20140902,32268.0,32348.0,31669.0,31769.0,29084,132913,0,0,0.0
20140903,31676.0,31766.0,31559.0,31578.0,15563,128869,0,0,0.0
20140904,31626.0,31696.0,31338.0,31437.0,16601,128004,0,0,0.0
20140905,31435.0,31465.0,31057.0,31136.0,22461,125734,0,0,0.0
20140908,30923.0,31023.0,30696.0,30825.0,17766,123751,0,0,0.0
20140909,30662.0,30983.0,30415.0,30905.0,28304,121400,0,0,0.0
20140910,30913.0,30963.0,30646.0,30744.0,17996,119322,0,0,0.0
20140911,30702.0,30742.0,30305.0,30393.0,21507,115682,0,0,0.0
20140912,30411.0,30772.0,30365.0,30644.0,21839,113478,0,0,0.0
20140915,30562.0,30762.0,30465.0,30684.0,15618,111952,0,0,0.0
20140916,30622.0,30993.0,30575.0,30814.0,16399,110929,0,0,0.0
20140917,30883.0,31766.0,30826.0,31647.0,33620,110648,0,0,0.0
20140918,31686.0,32167.0,31679.0,32038.0,19599,110141,0,0,0.0
20140919,32057.0,32849.0,32040.0,32710.0,30543,111212,0,0,0.0
20140922,32870.0,33552.0,32833.0,33403.0,28513,111002,0,0,0.0
20140923,33502.0,33783.0,32963.0,33092.0,25598,111881,0,0,0.0
20140924,33422.0,33924.0,33264.0,33835.0,30219,111180,0,0,0.0
20140925,33733.0,34115.0,33354.0,33454.0,22597,110357,0,0,0.0
20140926,33653.0,33804.0,33063.0,33233.0,21562,112021,0,0,0.0
20140929,33272.0,33483.0,32953.0,33233.0,17091,112587,0,0,0.0
20140930,33272.0,33393.0,33013.0,33123.0,14686,113159,0,0,0.0
20141001,32860.0,32861.0,31618.0,31838.0,42929,107007,0,0,0.0
20141002,31716.0,31817.0,30915.0,31015.0,32776,101973,0,0,0.0
20141003,30973.0,31305.0,30614.0,30674.0,22609,98129,0,0,0.0
20141006,30762.0,31074.0,30755.0,30905.0,12801,97509,0,0,0.0
20141007,30892.0,30974.0,30564.0,30624.0,26939,95375,0,0,0.0
20141008,30611.0,30854.0,30413.0,30494.0,14534,93203,0,0,0.0
20141009,30591.0,30824.0,30513.0,30685.0,16362,92190,0,0,0.0
20141010,30711.0,31838.0,30684.0,31689.0,31346,90902,0,0,0.0
20141013,32016.0,32199.0,30654.0,30705.0,24053,88893,0,0,0.0
20141014,30651.0,31516.0,30333.0,31137.0,22387,87005,0,0,0.0
20141015,31424.0,31877.0,31146.0,31649.0,25054,86471,0,0,0.0
20141016,31524.0,31616.0,30755.0,30976.0,24259,85024,0,0,0.0
20141017,31263.0,31516.0,31096.0,31297.0,16032,84364,0,0,0.0
20141020,31092.0,31436.0,30825.0,31317.0,16833,83012,0,0,0.0
20141021,31373.0,31406.0,30976.0,31217.0,13558,82397,0,0,0.0
20141022,31102.0,31306.0,31036.0,31247.0,9621,82052,0,0,0.0
20141023,30982.0,31868.0,30815.0,31317.0,26624,82803,0,0,0.0
20141024,31263.0,31416.0,30484.0,30614.0,33710,80424,0,0,0.0
20141027,30591.0,30754.0,29681.0,29811.0,42211,76596,0,0,0.0
20141028,29607.0,29690.0,29249.0,29339.0,52315,69968,0,0,0.0
20141029,29446.0,29610.0,29108.0,29480.0,38799,64841,0,0,0.0
20141030,29356.0,29640.0,29279.0,29570.0,30143,62199,0,0,0.0
20141031,29507.0,29580.0,28988.0,29098.0,32693,60549,0,0,0.0
20141103,29106.0,29168.0,28697.0,28717.0,32868,56111,0,0,0.0
20141104,28805.0,29058.0,28707.0,28918.0,34424,52208,0,0,0.0
20141105,28905.0,29038.0,28737.0,28818.0,39790,44388,0,0,0.0
20141106,28805.0,29088.0,28657.0,28798.0,41472,38198,201503,201503,0.0
20141107,28815.0,29229.0,28777.0,28918.0,43310,81774,0,0,20.0
20141110,28875.0,29359.0,28827.0,29028.0,36750,84605,0,0,0.0
20141111,29166.0,29339.0,29088.0,29279.0,25731,86478,0,0,0.0
20141112,29236.0,29249.0,28637.0,28757.0,48574,88044,0,0,0.0
20141113,28614.0,28687.0,27885.0,28296.0,36236,90669,0,0,0.0
20141114,28333.0,28376.0,27915.0,28055.0,17197,89810,0,0,0.0
20141117,28012.0,28426.0,27985.0,28366.0,11666,89775,0,0,0.0
20141118,28293.0,28627.0,28065.0,28175.0,16060,89143,0,0,0.0
20141119,28173.0,28497.0,28135.0,28436.0,13458,89865,0,0,0.0
20141120,28434.0,28547.0,28275.0,28376.0,10445,89450,0,0,0.0
20141121,28294.0,28346.0,28094.0,28306.0,9832,89890,0,0,0.0
20141124,28224.0,28868.0,28104.0,28747.0,17663,90715,0,0,0.0
20141125,28776.0,28838.0,28164.0,28326.0,18842,90402,0,0,0.0
20141126,28355.0,28928.0,28294.0,28797.0,14651,90943,0,0,0.0
20141128,28796.0,28958.0,28334.0,28516.0,15311,91510,0,0,0.0
20141201,28595.0,29078.0,28565.0,29048.0,18863,93027,0,0,0.0
20141202,28976.0,29168.0,28435.0,28677.0,18922,91658,0,0,0.0
20141203,28665.0,28777.0,28525.0,28607.0,9095,91318,0,0,0.0
20141204,28585.0,28837.0,28565.0,28737.0,12303,90861,0,0,0.0
20141205,28705.0,29218.0,28705.0,28988.0,13631,91669,0,0,0.0
20141208,28946.0,29188.0,28936.0,29118.0,13020,91614,0,0,0.0
20141209,29147.0,29669.0,29137.0,29609.0,22072,93674,0,0,0.0
20141210,29568.0,29689.0,29318.0,29418.0,11569,94122,0,0,0.0
20141211,29438.0,29488.0,28516.0,28626.0,22030,91131,0,0,0.0
20141212,28535.0,28806.0,28516.0,28656.0,11974,90670,0,0,0.0
20141215,28706.0,28926.0,28606.0,28816.0,12471,90374,0,0,0.0
20141216,28987.0,29347.0,28937.0,29227.0,16618,91166,0,0,0.0
20141217,29278.0,29397.0,28987.0,29237.0,13165,91329,0,0,0.0
20141218,29308.0,29768.0,29278.0,29738.0,30386,91163,0,0,0.0
20141219,29739.0,29989.0,29609.0,29888.0,21460,92092,0,0,0.0
20141222,30040.0,30049.0,29790.0,29948.0,11932,92982,0,0,0.0
20141223,29829.0,29939.0,29630.0,29747.0,13178,93330,0,0,0.0
20141224,29849.0,30059.0,29650.0,29727.0,5590,93829,0,0,0.0
20141226,29729.0,29728.0,29439.0,29496.0,3686,93441,0,0,0.0
20141229,29709.0,29959.0,29439.0,29727.0,12355,94935,0,0,0.0
20141231,29809.0,29869.0,29108.0,29185.0,18852,94935,0,0,0.0
20150102,29257.0,29528.0,29048.0,29355.0,17286,94569,0,0,0.0
20150105,29417.0,29628.0,29178.0,29525.0,19138,95174,0,0,0.0
20150106,29387.0,29508.0,28967.0,29104.0,19698,94074,0,0,0.0
20150107,29196.0,29317.0,29077.0,29204.0,16986,94325,0,0,0.0
20150108,29266.0,30250.0,29197.0,29946.0,46733,97466,0,0,0.0
20150109,30068.0,30120.0,29648.0,29765.0,26075,92315,0,0,0.0
20150112,29607.0,30110.0,29417.0,30026.0,17723,92920,0,0,0.0
20150113,29968.0,30240.0,29828.0,29996.0,23856,92684,0,0,0.0
20150114,29928.0,30069.0,29657.0,30006.0,21830,92604,0,0,0.0
20150115,29687.0,30119.0,29637.0,29856.0,16825,91595,0,0,0.0
20150116,29827.0,29858.0,29446.0,29505.0,19094,88440,0,0,0.0
20150120,29626.0,29677.0,29276.0,29335.0,18157,85782,0,0,0.0
20150121,29275.0,29296.0,28484.0,28603.0,44888,82260,0,0,0.0
20150122,28573.0,28574.0,28033.0,28092.0,40826,75270,0,0,0.0
20150123,27931.0,28093.0,27622.0,27631.0,42381,69853,0,0,0.0
20150126,27570.0,27772.0,27391.0,27450.0,28711,67027,0,0,0.0
20150127,27510.0,27622.0,27361.0,27510.0,37288,66287,0,0,0.0
20150128,27470.0,27602.0,27201.0,27229.0,38386,66334,0,0,0.0
20150129,27179.0,27221.0,26910.0,26938.0,43133,63711,0,0,0.0
20150130,26938.0,27251.0,26900.0,27008.0,35584,61892,0,0,0.0
20150202,26898.0,27020.0,26770.0,26797.0,38383,58112,0,0,0.0
20150203,26828.0,27401.0,26810.0,26988.0,49161,51906,0,0,0.0
20150204,27139.0,27862.0,27131.0,27319.0,41161,45226,0,0,0.0
20150205,27330.0,27641.0,27231.0,27510.0,38387,40949,0,0,0.0
20150206,27611.0,27942.0,27502.0,27831.0,45584,27111,201505,201505,0.0
20150209,27932.0,28774.0,27923.0,28724.0,48554,83549,0,0,20.0
20150210,28754.0,28814.0,28364.0,28744.0,39684,85248,0,0,0.0
20150211,28754.0,28954.0,28524.0,28904.0,39355,88867,0,0,0.0
20150212,28884.0,29285.0,28865.0,29255.0,42701,91582,0,0,0.0
20150213,29255.0,29395.0,28945.0,29375.0,20875,90229,0,0,0.0
20150217,29415.0,29505.0,29246.0,29485.0,23762,90063,0,0,0.0
20150218,29525.0,29826.0,29256.0,29796.0,25361,90736,0,0,0.0
20150219,29685.0,29916.0,29466.0,29816.0,25068,91296,0,0,0.0
20150220,29665.0,29906.0,29536.0,29856.0,23641,91239,0,0,0.0
20150223,29865.0,30106.0,29666.0,30076.0,23377,92617,0,0,0.0
20150224,30025.0,30357.0,29897.0,30236.0,28183,94506,0,0,0.0
20150225,30376.0,30437.0,29586.0,29655.0,33434,95903,0,0,0.0
20150226,29795.0,29986.0,29305.0,29875.0,24813,96619,0,0,0.0
20150227,29935.0,30257.0,29836.0,30226.0,23749,98907,0,0,0.0
20150302,30135.0,30237.0,29796.0,30126.0,22578,99172,0,0,0.0
20150303,30145.0,30447.0,29916.0,30286.0,18718,101419,0,0,0.0
20150304,30285.0,30297.0,29996.0,30136.0,16882,101348,0,0,0.0
20150305,30014.0,30127.0,29665.0,30026.0,20556,101429,0,0,0.0
20150306,29924.0,29937.0,29354.0,29515.0,28719,99774,0,0,0.0
20150309,29413.0,29797.0,29244.0,29405.0,19280,98836,0,0,0.0
20150310,29373.0,29456.0,29084.0,29195.0,17711,97628,0,0,0.0
20150311,29052.0,29065.0,28483.0,28614.0,33264,94222,0,0,0.0
20150312,28601.0,28614.0,28192.0,28444.0,32877,91767,0,0,0.0
20150313,28491.0,28704.0,28132.0,28244.0,30363,89898,0,0,0.0
20150316,28281.0,28433.0,27932.0,27973.0,30643,89013,0,0,0.0
20150317,27870.0,28032.0,27321.0,27943.0,53669,85524,0,0,0.0
20150318,27750.0,27912.0,27331.0,27642.0,33851,84068,0,0,0.0
20150319,27700.0,27962.0,27111.0,27211.0,37625,83304,0,0,0.0
20150320,27169.0,28012.0,27031.0,27963.0,37530,81339,0,0,0.0
20150323,27690.0,27842.0,27542.0,27632.0,25228,80800,0,0,0.0
20150324,27550.0,27972.0,27201.0,27893.0,42840,80679,0,0,0.0
20150325,27750.0,28263.0,27692.0,27923.0,39582,80963,0,0,0.0
20150326,27900.0,28083.0,27572.0,27662.0,26550,78719,0,0,0.0
20150327,27519.0,27632.0,27291.0,27502.0,29478,78992,0,0,0.0
20150330,27299.0,27752.0,26860.0,27011.0,40008,77509,0,0,0.0
20150331,26848.0,27201.0,26850.0,27051.0,42855,74319,0,0,0.0
20150401,26928.0,27642.0,26930.0,27542.0,56035,70326,0,0,0.0
20150402,27559.0,27943.0,27531.0,27742.0,51730,58117,0,0,0.0
20150406,27789.0,28143.0,27581.0,28063.0,19159,55268,0,0,0.0
20150407,27989.0,28123.0,27882.0,27913.0,34304,51195,0,0,0.0
20150408,28009.0,28444.0,27922.0,28133.0,56237,43353,201507,201507,0.0
20150409,27859.0,28073.0,27742.0,28013.0,43616,80080,0,0,-60.0
20150410,27929.0,28214.0,27852.0,27953.0,43616,80080,0,0,0.0
20150413,27919.0,28194.0,27902.0,28144.0,17401,83827,0,0,0.0
20150414,28120.0,28656.0,28093.0,28596.0,23991,86533,0,0,0.0
20150415,28542.0,28626.0,28214.0,28345.0,23657,88915,0,0,0.0
20150416,28622.0,29008.0,28626.0,28867.0,21490,88714,0,0,0.0
20150417,28843.0,28958.0,28455.0,28536.0,12508,90203,0,0,0.0
20150420,28361.0,28385.0,27872.0,27923.0,17004,87305,0,0,0.0
20150421,27879.0,28003.0,27671.0,27873.0,15406,84380,0,0,0.0
20150422,27919.0,28415.0,27822.0,27943.0,13554,81873,0,0,0.0
20150423,27869.0,28204.0,27812.0,28144.0,10170,81156,0,0,0.0
20150424,28421.0,29008.0,28425.0,28978.0,16856,80784,0,0,0.0
20150427,29003.0,29500.0,28827.0,29350.0,12967,81107,0,0,0.0
20150428,29415.0,29711.0,29199.0,29370.0,15904,81704,0,0,0.0
20150429,29495.0,29611.0,29139.0,29541.0,16534,81237,0,0,0.0
20150430,29626.0,29752.0,29350.0,29561.0,15480,82329,0,0,0.0
20150501,29787.0,29802.0,28697.0,28898.0,16476,83004,0,0,0.0
20150504,28943.0,29029.0,28787.0,28878.0,6151,83015,0,0,0.0
20150505,28943.0,29612.0,28817.0,29561.0,17972,82719,0,0,0.0
20150506,29505.0,29682.0,29249.0,29320.0,14593,80917,0,0,0.0
20150507,29344.0,29582.0,29189.0,29420.0,9839,82465,0,0,0.0
20150508,29756.0,29783.0,29279.0,29581.0,14054,81175,0,0,0.0
20150511,29515.0,30235.0,29460.0,30194.0,17792,82933,0,0,0.0
20150512,30298.0,30777.0,29992.0,30505.0,18144,82257,0,0,0.0
20150513,30730.0,30837.0,30524.0,30696.0,13002,83730,0,0,0.0
20150514,30830.0,31118.0,30725.0,31017.0,13089,85889,0,0,0.0
20150515,31011.0,31520.0,30866.0,31469.0,13362,87097,0,0,0.0
20150518,31403.0,31630.0,31268.0,31539.0,14012,88932,0,0,0.0
20150519,31433.0,31660.0,31288.0,31589.0,10223,89940,0,0,0.0
20150520,31473.0,31570.0,31218.0,31388.0,12517,91475,0,0,0.0
20150521,31563.0,31952.0,31549.0,31770.0,16064,92214,0,0,0.0
20150522,31774.0,31862.0,31449.0,31670.0,11300,93374,0,0,0.0
20150526,31372.0,31671.0,31339.0,31640.0,12245,92444,0,0,0.0
20150527,31633.0,31691.0,31269.0,31479.0,16589,92504,0,0,0.0
20150528,31432.0,31520.0,31048.0,31318.0,17491,89723,0,0,0.0
20150529,31281.0,31440.0,30948.0,30987.0,20395,87135,0,0,0.0
20150601,31030.0,31038.0,30637.0,30666.0,18181,84291,0,0,0.0
20150602,30789.0,31400.0,30798.0,31259.0,25092,79923,0,0,0.0
20150603,31241.0,31531.0,31170.0,31390.0,17549,74269,0,0,0.0
20150604,31482.0,31571.0,31140.0,31290.0,19446,68551,0,0,0.0
20150605,31201.0,31330.0,30778.0,31300.0,22882,60410,0,0,0.0
20150608,31060.0,31390.0,31049.0,31310.0,21783,49278,201509,201509,0.0
20150609,31271.0,31350.0,31029.0,31290.0,21746,78756,0,0,-50.0
20150610,31291.0,31783.0,31250.0,31542.0,25404,85198,0,0,0.0
20150611,31492.0,31642.0,31180.0,31230.0,20447,92019,0,0,0.0
20150612,31180.0,31722.0,31120.0,31643.0,20899,95646,0,0,0.0
20150615,31804.0,32275.0,31764.0,32176.0,24401,100249,0,0,0.0
20150616,32297.0,32607.0,32247.0,32548.0,14145,104897,0,0,0.0
20150617,32559.0,32567.0,32287.0,32417.0,11103,105863,0,0,0.0
20150618,32670.0,33140.0,32599.0,33101.0,17183,106064,0,0,0.0
20150619,33072.0,33190.0,32629.0,32799.0,12298,108787,0,0,0.0
20150622,32619.0,33079.0,32619.0,33010.0,9119,109046,0,0,0.0
20150623,32891.0,32999.0,32579.0,32708.0,9399,109894,0,0,0.0
20150624,32660.0,33079.0,32569.0,33020.0,10999,109541,0,0,0.0
20150625,33042.0,33361.0,32790.0,32879.0,19795,110045,0,0,0.0
20150626,32871.0,33532.0,32800.0,33422.0,14540,109387,0,0,0.0
20150629,33203.0,33582.0,33172.0,33513.0,10624,111997,0,0,0.0
20150630,33495.0,33542.0,32699.0,32889.0,24117,112839,0,0,0.0
20150701,32650.0,33140.0,32588.0,32959.0,14479,110518,0,0,0.0
20150702,33042.0,33170.0,32668.0,33080.0,10761,109285,0,0,0.0
20150706,32821.0,33150.0,32748.0,32979.0,9467,109634,0,0,0.0
20150707,32841.0,32898.0,32446.0,32697.0,18674,110748,0,0,0.0
20150708,32579.0,32727.0,32557.0,32667.0,9081,108028,0,0,0.0
20150709,32670.0,33079.0,32587.0,32979.0,17971,107519,0,0,0.0
20150710,33113.0,33381.0,32919.0,33231.0,11861,106876,0,0,0.0
20150713,33143.0,33381.0,33140.0,33251.0,5264,107055,0,0,0.0
20150714,33284.0,33975.0,33150.0,33905.0,16320,107097,0,0,0.0
20150715,33847.0,34066.0,33663.0,33734.0,12255,109707,0,0,0.0
20150716,33746.0,33835.0,33532.0,33724.0,7474,108297,0,0,0.0
20150717,33565.0,33795.0,33482.0,33664.0,9825,109056,0,0,0.0
20150720,33635.0,33805.0,33381.0,33734.0,8813,109106,0,0,0.0
20150721,33645.0,33875.0,33532.0,33563.0,8436,109390,0,0,0.0
20150722,33695.0,33724.0,32546.0,32969.0,26624,109267,0,0,0.0
20150723,32840.0,32929.0,32596.0,32607.0,14169,104771,0,0,0.0
20150724,32659.0,32808.0,31942.0,32003.0,22852,102780,0,0,0.0
20150727,31985.0,32365.0,31831.0,32124.0,16575,98412,0,0,0.0
20150728,32035.0,32274.0,31932.0,32235.0,13026,95151,0,0,0.0
20150729,32226.0,32455.0,32194.0,32366.0,11810,93193,0,0,0.0
20150730,32236.0,32505.0,32244.0,32406.0,13303,91026,0,0,0.0
20150731,32397.0,32596.0,32184.0,32285.0,17838,87163,0,0,0.0
20150803,32216.0,32254.0,31802.0,31852.0,18351,83930,0,0,0.0
20150804,31824.0,32073.0,31742.0,31842.0,27203,80646,0,0,0.0
20150805,31774.0,31942.0,31118.0,31389.0,28503,74559,0,0,0.0
20150806,31271.0,31358.0,30726.0,30755.0,27512,65353,201512,201512,0.0
20150807,30728.0,31338.0,30505.0,31288.0,31386,78664,0,0,110.0
20150810,31049.0,31258.0,30926.0,31168.0,25596,80867,0,0,0.0
20150811,31059.0,31719.0,30475.0,31038.0,35879,83455,0,0,0.0
20150812,30899.0,31107.0,30455.0,30597.0,30090,87827,0,0,0.0
20150813,30408.0,30886.0,30275.0,30687.0,28430,92348,0,0,0.0
20150814,30679.0,30846.0,30526.0,30687.0,17189,93035,0,0,0.0
20150817,30619.0,30996.0,30566.0,30637.0,15899,93834,0,0,0.0
20150818,30699.0,30996.0,30676.0,30918.0,12478,95711,0,0,0.0
20150819,30950.0,31447.0,30957.0,31239.0,20332,95062,0,0,0.0
20150820,30980.0,31497.0,30887.0,31429.0,15011,93805,0,0,0.0
20150821,31271.0,31417.0,30777.0,30817.0,16276,93052,0,0,0.0
20150824,30609.0,31156.0,29965.0,30957.0,37003,91945,0,0,0.0
20150825,31040.0,31557.0,30897.0,31157.0,18561,90362,0,0,0.0
20150826,31080.0,31306.0,30847.0,31057.0,14178,89822,0,0,0.0
20150827,31020.0,31256.0,30877.0,31167.0,10190,89887,0,0,0.0
20150828,31251.0,31497.0,30636.0,31197.0,14793,89008,0,0,0.0
20150831,30800.0,31186.0,30716.0,31067.0,11705,88345,0,0,0.0
20150901,31171.0,31527.0,31127.0,31488.0,16210,89243,0,0,0.0
20150902,31311.0,31497.0,30927.0,31247.0,14697,88432,0,0,0.0
20150903,31191.0,31457.0,31077.0,31217.0,14352,86783,0,0,0.0
20150904,31331.0,31998.0,31328.0,31758.0,28012,87329,0,0,0.0
20150908,32123.0,32379.0,32110.0,32279.0,17193,91339,0,0,0.0
20150909,32414.0,32860.0,32351.0,32780.0,19375,91786,0,0,0.0
20150910,32775.0,33030.0,32612.0,32840.0,16370,92690,0,0,0.0
20150911,32805.0,32990.0,32381.0,32619.0,13204,93270,0,0,0.0
20150914,32675.0,32960.0,32571.0,32940.0,11709,92957,0,0,0.0
20150915,32916.0,32950.0,32300.0,32459.0,17976,93477,0,0,0.0
20150916,32575.0,32930.0,32561.0,32750.0,17553,92613,0,0,0.0
20150917,32705.0,32960.0,32571.0,32900.0,12931,92640,0,0,0.0
20150918,32996.0,33491.0,33002.0,33191.0,15510,93889,0,0,0.0
20150921,33247.0,33331.0,33082.0,33191.0,8277,95017,0,0,0.0
20150922,33187.0,33361.0,32871.0,33201.0,15782,95374,0,0,0.0
20150923,33197.0,33301.0,32931.0,33231.0,15276,95833,0,0,0.0
20150924,33217.0,33221.0,32791.0,33010.0,21490,96215,0,0,0.0
20150925,33117.0,33161.0,32651.0,32840.0,16033,94022,0,0,0.0
20150928,32876.0,32920.0,32320.0,32499.0,19087,95210,0,0,0.0
20150929,32505.0,32579.0,31789.0,31898.0,24035,94698,0,0,0.0
20150930,31763.0,31988.0,31167.0,31216.0,25792,92537,0,0,0.0
20151001,31272.0,31647.0,31017.0,31126.0,19853,90249,0,0,0.0
20151002,31122.0,31296.0,30947.0,31026.0,18138,87380,0,0,0.0
20151005,31022.0,31126.0,30767.0,30996.0,19206,83201,0,0,0.0
20151006,30852.0,31016.0,30787.0,30996.0,15539,82705,0,0,0.0
20151007,30942.0,31527.0,30597.0,30866.0,22600,80909,0,0,0.0
20151008,30701.0,30845.0,30427.0,30676.0,19006,79743,0,0,0.0
20151009,30621.0,30965.0,30537.0,30566.0,16860,78106,0,0,0.0
20151012,30661.0,31065.0,30336.0,30817.0,19064,78584,0,0,0.0
20151013,30811.0,31506.0,30677.0,31328.0,22315,75825,0,0,0.0
20151014,31332.0,31556.0,31038.0,31168.0,15098,75252,0,0,0.0
20151015,31182.0,31255.0,30827.0,31118.0,14659,74910,0,0,0.0
20151016,31012.0,31345.0,30957.0,31268.0,12056,74173,0,0,0.0
20151019,31172.0,31796.0,31178.0,31769.0,19818,72945,0,0,0.0
20151020,31793.0,32347.0,31749.0,32100.0,19863,71553,0,0,0.0
20151021,32194.0,32337.0,31348.0,31539.0,25768,71033,0,0,0.0
20151022,31462.0,31926.0,31258.0,31479.0,17330,68979,0,0,0.0
20151023,31442.0,31685.0,31128.0,31329.0,15267,66491,0,0,0.0
20151026,31522.0,31895.0,31288.0,31820.0,14296,66461,0,0,0.0
20151027,31873.0,32065.0,31709.0,32051.0,17266,65116,0,0,0.0
20151028,31923.0,32406.0,31930.0,32272.0,20718,64435,0,0,0.0
20151029,32093.0,32516.0,31760.0,32232.0,16992,61743,0,0,0.0
20151030,32213.0,32696.0,32221.0,32673.0,20058,60459,0,0,0.0
20151102,32594.0,33067.0,32532.0,33034.0,22664,59470,0,0,0.0
20151103,32975.0,33077.0,32843.0,33054.0,23374,58864,0,0,0.0
20151104,32744.0,32816.0,32262.0,32432.0,25008,53697,0,0,0.0
20151105,32303.0,32796.0,32302.0,32713.0,18131,48075,0,0,0.0
20151106,32724.0,32726.0,32122.0,32452.0,26003,44243,201603,201603,0.0
20151109,32353.0,32465.0,31972.0,32191.0,26681,89545,0,0,50.0
20151110,32213.0,32905.0,32182.0,32822.0,32620,92106,0,0,0.0
20151111,32723.0,33175.0,32713.0,33162.0,26190,99345,0,0,0.0
20151112,33113.0,33325.0,33033.0,33312.0,32572,104291,0,0,0.0
20151113,33373.0,33675.0,33263.0,33662.0,26924,110761,0,0,0.0
20151116,33803.0,33925.0,33483.0,33802.0,16603,116392,0,0,0.0
20151117,33663.0,33975.0,33583.0,33742.0,14408,118554,0,0,0.0
20151118,33823.0,33895.0,33383.0,33442.0,16377,121533,0,0,0.0
20151119,33703.0,33955.0,33613.0,33802.0,14345,123012,0,0,0.0
20151120,33933.0,34225.0,33433.0,33712.0,17899,124976,0,0,0.0
20151123,33583.0,33585.0,33043.0,33091.0,16819,125235,0,0,0.0
20151124,33293.0,33515.0,33153.0,33411.0,12902,125402,0,0,0.0
20151125,33393.0,33475.0,32923.0,33071.0,18882,127039,0,0,0.0
20151127,33073.0,33205.0,33063.0,33131.0,6420,124469,0,0,0.0
20151130,33233.0,33685.0,33133.0,33421.0,16657,124914,0,0,0.0
20151201,33463.0,33615.0,33153.0,33401.0,13600,127223,0,0,0.0
20151202,33403.0,33465.0,33143.0,33361.0,10358,127973,0,0,0.0
20151203,33403.0,33905.0,33323.0,33891.0,23426,126440,0,0,0.0
20151204,33783.0,34005.0,33733.0,33931.0,11295,129014,0,0,0.0
20151207,33833.0,34315.0,33783.0,34201.0,151,127055,0,0,0.0
20151208,34143.0,34175.0,32852.0,33190.0,29021,127784,0,0,0.0
20151209,33242.0,33845.0,33252.0,33740.0,17950,121510,0,0,0.0
20151210,33772.0,33825.0,33472.0,33500.0,12099,122225,0,0,0.0
20151211,33582.0,33645.0,33122.0,33560.0,14015,120617,0,0,0.0
20151214,33592.0,33885.0,33402.0,33780.0,12034,118539,0,0,0.0
20151215,33742.0,33875.0,33372.0,33780.0,14291,119437,0,0,0.0
20151216,33452.0,33455.0,32892.0,32939.0,16113,117730,0,0,0.0
20151217,32992.0,33015.0,32311.0,32559.0,20329,113501,0,0,0.0
20151218,32692.0,32735.0,32321.0,32549.0,11409,110077,0,0,0.0
20151221,32482.0,32595.0,32081.0,32549.0,15883,107672,0,0,0.0
20151222,32312.0,32415.0,31791.0,32549.0,13227,104733,0,0,0.0
20151223,31912.0,32645.0,31811.0,32629.0,27433,101886,0,0,0.0
20151228,32132.0,32245.0,31931.0,31968.0,5743,98253,0,0,0.0
20151229,32132.0,32275.0,31891.0,32138.0,10106,97678,0,0,0.0
20151230,32022.0,32355.0,32031.0,32318.0,8558,96831,0,0,0.0
20151231,32312.0,32375.0,31911.0,32138.0,17311,95974,0,0,0.0
20160104,32162.0,32215.0,31220.0,31267.0,26057,98738,0,0,0.0
20160105,31341.0,31404.0,30499.0,30616.0,27506,95269,0,0,0.0
20160106,30350.0,30543.0,29728.0,29835.0,29169,93970,0,0,0.0
20160107,29529.0,29893.0,29007.0,29655.0,35663,90105,0,0,0.0
20160108,29869.0,30273.0,29778.0,30195.0,21357,85928,0,0,0.0
20160111,30019.0,30063.0,28847.0,29044.0,29011,84002,0,0,0.0
20160112,28768.0,28942.0,28547.0,28624.0,21041,81654,0,0,0.0
20160113,28668.0,29042.0,28677.0,28944.0,20467,80213,0,0,0.0
20160114,28908.0,28962.0,28467.0,28594.0,16052,78029,0,0,0.0
20160115,28778.0,29212.0,28747.0,29074.0,16327,76176,0,0,0.0
20160119,29178.0,29562.0,29057.0,29364.0,24391,75808,0,0,0.0
20160120,29148.0,29162.0,27896.0,28123.0,42212,77840,0,0,0.0
20160121,28007.0,28702.0,27576.0,28573.0,29027,79082,0,0,0.0
20160122,28848.0,29102.0,28537.0,28743.0,22688,79054,0,0,0.0
20160125,28488.0,28792.0,28137.0,28213.0,18008,78457,0,0,0.0
20160126,27918.0,28532.0,27877.0,28313.0,23454,78728,0,0,0.0
20160127,28308.0,28402.0,27457.0,27662.0,16981,77906,0,0,0.0
20160128,27407.0,28252.0,27337.0,27932.0,23996,77351,0,0,0.0
20160129,28077.0,28322.0,27567.0,27632.0,18284,74283,0,0,0.0
20160201,27667.0,28772.0,27467.0,28703.0,33989,75508,0,0,0.0
20160202,28538.0,28602.0,27557.0,27632.0,26887,70320,0,0,0.0
20160203,27768.0,28562.0,27407.0,28393.0,25224,66423,0,0,0.0
20160204,28719.0,28802.0,27597.0,27662.0,21398,63515,0,0,0.0
20160205,27678.0,28252.0,27557.0,27742.0,29514,60243,0,0,0.0
20160208,27988.0,28692.0,27637.0,28603.0,25406,45541,201605,201605,0.0
20160209,28418.0,28552.0,27807.0,28423.0,29476,77966,0,0,190.0
20160210,28199.0,28731.0,28046.0,28373.0,33520,79857,0,0,0.0
20160211,28209.0,28323.0,27817.0,27836.0,28956,85787,0,0,0.0
20160212,27921.0,28621.0,27867.0,28572.0,28500,89263,0,0,0.0
20160216,28368.0,28532.0,28016.0,28174.0,14402,93595,0,0,0.0
20160217,28169.0,28979.0,27927.0,28631.0,21899,93094,0,0,0.0
20160218,28517.0,29128.0,28484.0,29009.0,19588,93072,0,0,0.0
20160219,28795.0,29029.0,28226.0,28403.0,20989,94707,0,0,0.0
20160222,28010.0,28890.0,27958.0,28622.0,27940,92557,0,0,0.0
20160223,28726.0,28930.0,28207.0,28721.0,18422,93787,0,0,0.0
20160224,28666.0,29218.0,28356.0,29119.0,15842,92740,0,0,0.0
20160225,29163.0,29506.0,29072.0,29298.0,15997,91552,0,0,0.0
20160226,29392.0,29566.0,28555.0,28711.0,21846,91323,0,0,0.0
20160229,28766.0,29526.0,28764.0,29377.0,23748,90519,0,0,0.0
20160301,29253.0,29476.0,29023.0,29158.0,16231,91115,0,0,0.0
20160302,29313.0,29396.0,28784.0,29307.0,12771,91855,0,0,0.0
20160303,29422.0,29625.0,29092.0,29347.0,20859,91524,0,0,0.0
20160304,29551.0,30003.0,29450.0,29904.0,24109,89561,0,0,0.0
20160307,29680.0,29993.0,29649.0,29924.0,11613,87171,0,0,0.0
20160308,29889.0,29973.0,29271.0,29526.0,18031,85443,0,0,0.0
20160309,29621.0,30192.0,29460.0,30043.0,20769,83777,0,0,0.0
20160310,30138.0,30500.0,30037.0,30441.0,15649,84590,0,0,0.0
20160311,30396.0,30589.0,30305.0,30441.0,13142,82464,0,0,0.0
20160314,30476.0,30688.0,29967.0,30630.0,12749,80203,0,0,0.0
20160315,30506.0,30569.0,30325.0,30352.0,9923,79019,0,0,0.0
20160316,30317.0,30340.0,29987.0,30223.0,10535,78350,0,0,0.0
20160317,30565.0,31066.0,30375.0,30979.0,20725,78923,0,0,0.0
20160318,30963.0,31295.0,30862.0,30999.0,12852,79495,0,0,0.0
20160321,30953.0,31066.0,30415.0,30542.0,13026,79352,0,0,0.0
20160322,30376.0,30499.0,30077.0,30174.0,13260,78404,0,0,0.0
20160323,30197.0,30211.0,29192.0,29458.0,23313,77567,0,0,0.0
20160324,29392.0,29545.0,29093.0,29448.0,12626,75204,0,0,0.0
20160328,29283.0,29833.0,29292.0,29528.0,7405,72913,0,0,0.0
20160329,29422.0,29744.0,29352.0,29528.0,10669,71766,0,0,0.0
20160330,29670.0,30032.0,29422.0,29568.0,17389,70150,0,0,0.0
20160331,29412.0,29614.0,28935.0,29329.0,26279,69430,0,0,0.0
20160401,29233.0,29405.0,28637.0,28643.0,38332,68207,0,0,0.0
20160404,28478.0,28997.0,28378.0,28544.0,24148,63775,0,0,0.0
20160405,28329.0,28739.0,28249.0,28653.0,23830,59310,0,0,0.0
20160406,28657.0,28898.0,28398.0,28832.0,13820,52878,0,0,0.0
20160407,28896.0,28898.0,28269.0,28335.0,24260,49139,201607,201607,0.0
20160408,28409.0,28699.0,28388.0,28633.0,25234,80391,0,0,140.0
20160411,28617.0,29095.0,28616.0,29009.0,22346,80943,0,0,0.0
20160412,29171.0,29342.0,28923.0,29316.0,24637,85633,0,0,0.0
20160413,28884.0,29293.0,28834.0,29227.0,23176,92547,0,0,0.0
20160414,29141.0,29619.0,29111.0,29563.0,18932,98434,0,0,0.0
20160415,29537.0,29985.0,29428.0,29553.0,20521,102058,0,0,0.0
20160418,29408.0,30133.0,29220.0,30087.0,20905,103463,0,0,0.0
20160419,30219.0,30529.0,30190.0,30463.0,17914,103178,0,0,0.0
20160420,30476.0,30687.0,30368.0,30572.0,20281,102185,0,0,0.0
20160421,30466.0,31043.0,30477.0,30740.0,22859,100407,0,0,0.0
20160422,30872.0,31251.0,30804.0,31215.0,21726,99606,0,0,0.0
20160425,31258.0,31429.0,31012.0,31334.0,18750,97893,0,0,0.0
20160426,31367.0,31785.0,31299.0,31769.0,19968,96177,0,0,0.0
20160427,31743.0,31844.0,31428.0,31561.0,16486,99220,0,0,0.0
20160428,31515.0,31676.0,31309.0,31482.0,15811,100397,0,0,0.0
20160429,31663.0,32052.0,31616.0,31987.0,23463,101449,0,0,0.0
20160502,31851.0,31904.0,31596.0,31829.0,10661,101629,0,0,0.0
20160503,32019.0,32052.0,31556.0,31710.0,18438,101888,0,0,0.0
20160504,31613.0,31646.0,31091.0,31522.0,20334,101263,0,0,0.0
20160505,31445.0,31508.0,31071.0,31245.0,12780,102311,0,0,0.0
20160506,31158.0,31182.0,30339.0,30414.0,25474,100837,0,0,0.0
20160509,30327.0,30588.0,30270.0,30463.0,16995,94698,0,0,0.0
20160510,30505.0,30865.0,30438.0,30681.0,20131,94197,0,0,0.0
20160511,30465.0,30845.0,30349.0,30374.0,18765,92764,0,0,0.0
20160512,30386.0,30538.0,29656.0,29879.0,27696,88950,0,0,0.0
20160513,29575.0,29697.0,29320.0,29355.0,19503,85805,0,0,0.0
20160516,29258.0,29578.0,28756.0,28959.0,24551,84021,0,0,0.0
20160517,28882.0,28955.0,28885.0,29355.0,1013,84021,0,0,0.0
20160518,28694.0,29103.0,28598.0,28999.0,20915,85790,0,0,0.0
20160519,28892.0,29083.0,28539.0,28623.0,20201,84298,0,0,0.0
20160520,28783.0,28945.0,28638.0,28811.0,17297,83804,0,0,0.0
20160523,28803.0,29499.0,28786.0,29276.0,23462,83385,0,0,0.0
20160524,29654.0,29855.0,29014.0,29217.0,25035,83009,0,0,0.0
20160525,29258.0,29360.0,28866.0,28930.0,14472,81277,0,0,0.0
20160526,28694.0,29123.0,28609.0,28851.0,25162,82015,0,0,0.0
20160527,29228.0,29756.0,29084.0,29732.0,36156,78717,0,0,0.0
