Date,Open,High,Low,Close,Volume,OI,P,R,RINFO
20140603,43295.0,44300.0,43055.0,43680.0,31800,95179,0,0,0.0
20140604,43735.0,43910.0,42960.0,43040.0,28283,90611,0,0,0.0
20140605,43040.0,43175.0,42720.0,42750.0,23473,87033,0,0,0.0
20140606,42775.0,42840.0,42360.0,42390.0,29023,80517,0,0,0.0
20140609,42350.0,42475.0,42035.0,42275.0,27252,75309,0,0,0.0
20140610,42275.0,43330.0,42225.0,43150.0,53326,66583,0,0,0.0
20140611,43220.0,43450.0,42540.0,42755.0,42385,59465,0,0,0.0
20140612,42690.0,43300.0,42405.0,42810.0,44081,50865,201412,201412,0.0
20140613,43000.0,43000.0,42665.0,42925.0,27664,116991,0,0,-4050.0
20140616,42917.0,43028.0,42538.0,42577.0,24463,120236,0,0,0.0
20140617,42569.0,42758.0,42041.0,42135.0,38538,121904,0,0,0.0
20140618,42072.0,42708.0,42058.0,42615.0,23986,121746,0,0,0.0
20140619,42607.0,42763.0,42069.0,42582.0,27542,123938,0,0,0.0
20140620,42585.0,42669.0,42207.0,42554.0,19149,123351,0,0,0.0
20140623,42546.0,43000.0,42362.0,42885.0,31072,121217,0,0,0.0
20140624,42805.0,42879.0,42196.0,42228.0,11546,121192,0,0,0.0
20140625,42209.0,42399.0,41450.0,41549.0,18622,119872,0,0,0.0
20140626,41414.0,41593.0,40721.0,41201.0,20171,119052,0,0,0.0
20140627,41221.0,41510.0,40992.0,41322.0,9293,119248,0,0,0.0
20140630,41249.0,41438.0,40495.0,40582.0,17615,119436,0,0,0.0
20140701,40570.0,40682.0,39887.0,40521.0,16947,120919,0,0,0.0
20140702,40515.0,40516.0,39986.0,40008.0,13869,120295,0,0,0.0
20140703,40018.0,40085.0,39511.0,39782.0,11777,120531,0,0,0.0
20140707,39742.0,39776.0,38671.0,38761.0,18308,119669,0,0,0.0
20140708,38759.0,39517.0,38583.0,38700.0,18638,118401,0,0,0.0
20140709,38781.0,39015.0,38395.0,38463.0,13523,118565,0,0,0.0
20140710,38455.0,38524.0,37843.0,37845.0,20261,118782,0,0,0.0
20140711,37853.0,38143.0,37070.0,37608.0,25498,117612,0,0,0.0
20140714,37483.0,38033.0,37473.0,37707.0,12380,118603,0,0,0.0
20140715,37676.0,37906.0,37291.0,37403.0,13762,118458,0,0,0.0
20140716,37361.0,38165.0,37236.0,37342.0,15961,118606,0,0,0.0
20140717,37355.0,37569.0,37153.0,37348.0,12452,119637,0,0,0.0
20140718,37416.0,37525.0,37170.0,37398.0,9820,120136,0,0,0.0
20140721,37399.0,37613.0,37236.0,37370.0,9955,120336,0,0,0.0
20140722,37349.0,37834.0,37385.0,37491.0,13716,120342,0,0,0.0
20140723,37515.0,37757.0,37319.0,37585.0,8865,120620,0,0,0.0
20140724,37653.0,37669.0,36275.0,36464.0,28125,121909,0,0,0.0
20140725,36461.0,36681.0,35651.0,36078.0,21511,122086,0,0,0.0
20140728,36053.0,36460.0,36087.0,36371.0,13410,123790,0,0,0.0
20140729,36423.0,36427.0,35689.0,35891.0,12803,123803,0,0,0.0
20140730,36015.0,36019.0,35225.0,35333.0,16687,122141,0,0,0.0
20140731,35297.0,35329.0,34429.0,34709.0,22598,122320,0,0,0.0
20140801,34629.0,35312.0,34263.0,34930.0,24253,120566,0,0,0.0
20140804,34922.0,35665.0,34954.0,35466.0,16044,122417,0,0,0.0
20140805,35463.0,35599.0,34982.0,35190.0,13006,119818,0,0,0.0
20140806,35193.0,35925.0,35220.0,35527.0,10777,119650,0,0,0.0
20140807,35574.0,35577.0,35214.0,35345.0,13969,118759,0,0,0.0
20140808,35397.0,35737.0,35220.0,35450.0,13064,118435,0,0,0.0
20140811,35386.0,35908.0,35380.0,35555.0,13384,117384,0,0,0.0
20140812,35601.0,35742.0,34966.0,34986.0,17596,115299,0,0,0.0
20140813,35176.0,36029.0,35060.0,35731.0,16869,115971,0,0,0.0
20140814,35883.0,35985.0,35314.0,35703.0,13325,114874,0,0,0.0
20140815,35734.0,35869.0,35441.0,35526.0,9986,114312,0,0,0.0
20140818,35740.0,35742.0,35237.0,35244.0,10049,113055,0,0,0.0
20140819,35260.0,35549.0,35292.0,35421.0,9943,111672,0,0,0.0
20140820,35415.0,36543.0,35430.0,36332.0,21035,112887,0,0,0.0
20140821,36480.0,36802.0,36076.0,36393.0,18444,111669,0,0,0.0
20140822,36370.0,36592.0,36126.0,36537.0,12150,111103,0,0,0.0
20140825,36547.0,36675.0,35916.0,36520.0,15284,111248,0,0,0.0
20140826,36492.0,36957.0,36369.0,36929.0,16411,112122,0,0,0.0
20140827,36895.0,37382.0,36783.0,37244.0,21828,112821,0,0,0.0
20140828,37177.0,37227.0,36529.0,36758.0,17972,111571,0,0,0.0
20140829,36769.0,36796.0,36330.0,36752.0,17287,111718,0,0,0.0
20140902,36576.0,36630.0,35938.0,36056.0,17287,111718,0,0,0.0
20140903,36289.0,36525.0,35993.0,36415.0,16712,110964,0,0,0.0
20140904,36493.0,36680.0,36120.0,36133.0,9124,110779,0,0,0.0
20140905,36101.0,36200.0,35319.0,35504.0,22754,111276,0,0,0.0
20140908,35477.0,35979.0,35424.0,35913.0,17770,111732,0,0,0.0
20140909,35902.0,36360.0,35595.0,36322.0,17029,111411,0,0,0.0
20140910,36322.0,37199.0,36092.0,37067.0,34978,111941,0,0,0.0
20140911,36984.0,37635.0,36644.0,37591.0,31703,112100,0,0,0.0
20140912,37586.0,37801.0,37296.0,37541.0,23023,112254,0,0,0.0
20140915,37404.0,37470.0,36302.0,36349.0,25522,110003,0,0,0.0
20140916,36526.0,36526.0,36053.0,36189.0,16729,108429,0,0,0.0
20140917,36134.0,36543.0,36130.0,36261.0,9786,108957,0,0,0.0
20140918,36184.0,36339.0,35727.0,35913.0,20569,108366,0,0,0.0
20140919,35814.0,35947.0,35191.0,35549.0,23317,106388,0,0,0.0
20140922,35549.0,35550.0,34373.0,34555.0,28131,105347,0,0,0.0
20140923,34738.0,34937.0,34285.0,34688.0,22197,105594,0,0,0.0
20140924,34583.0,34650.0,33710.0,33992.0,28322,102813,0,0,0.0
20140925,34042.0,34115.0,33605.0,33898.0,21133,101926,0,0,0.0
20140926,33777.0,34915.0,33804.0,34169.0,21706,101962,0,0,0.0
20140929,34009.0,34705.0,33920.0,33937.0,13421,101571,0,0,0.0
20140930,34153.0,34263.0,33705.0,33882.0,16411,100693,0,0,0.0
20141001,33877.0,34407.0,33782.0,34318.0,19638,101279,0,0,0.0
20141002,34341.0,34534.0,33837.0,34147.0,15103,101396,0,0,0.0
20141003,34032.0,34617.0,34058.0,34489.0,11615,100969,0,0,0.0
20141006,34612.0,35876.0,34428.0,35543.0,30376,99430,0,0,0.0
20141007,35584.0,36042.0,35478.0,36001.0,21153,99407,0,0,0.0
20141008,36042.0,36042.0,35522.0,35824.0,16533,99899,0,0,0.0
20141009,35799.0,35843.0,34870.0,35300.0,20690,99692,0,0,0.0
20141010,35297.0,36158.0,35135.0,35388.0,26442,100013,0,0,0.0
20141013,35468.0,36108.0,35433.0,35896.0,12773,100459,0,0,0.0
20141014,36048.0,36240.0,35361.0,35421.0,18452,99964,0,0,0.0
20141015,35540.0,35583.0,34963.0,35173.0,17828,99237,0,0,0.0
20141016,35170.0,35434.0,35057.0,35090.0,14371,98597,0,0,0.0
20141017,35181.0,35406.0,34781.0,34781.0,20090,96362,0,0,0.0
20141020,34861.0,34998.0,34378.0,34389.0,18139,94584,0,0,0.0
20141021,34386.0,35125.0,34306.0,34665.0,17468,94649,0,0,0.0
20141022,34778.0,35004.0,34488.0,34604.0,12400,94232,0,0,0.0
20141023,34524.0,34943.0,34239.0,34803.0,17181,94435,0,0,0.0
20141024,34800.0,35694.0,34653.0,35228.0,22302,95019,0,0,0.0
20141027,35220.0,35473.0,34973.0,35151.0,14171,95144,0,0,0.0
20141028,35071.0,35605.0,34918.0,35593.0,16146,95871,0,0,0.0
20141029,35551.0,36428.0,35448.0,36079.0,32456,96533,0,0,0.0
20141030,36070.0,36461.0,35536.0,35610.0,28769,93540,0,0,0.0
20141031,35573.0,35782.0,34945.0,35582.0,29672,90405,0,0,0.0
20141103,35579.0,35815.0,35171.0,35472.0,27580,85855,0,0,0.0
20141104,35353.0,35517.0,34657.0,34671.0,31471,81694,0,0,0.0
20141105,34829.0,34844.0,34259.0,34621.0,29129,78286,0,0,0.0
20141106,34674.0,34971.0,34535.0,34886.0,22259,75092,0,0,0.0
20141107,34884.0,35540.0,34596.0,35311.0,40342,65223,0,0,0.0
20141110,35320.0,36307.0,34403.0,34466.0,73015,54224,0,0,0.0
20141111,34393.0,35606.0,34414.0,34946.0,45318,45628,0,0,0.0
20141112,34884.0,35137.0,34193.0,34195.0,50138,36275,0,0,0.0
20141113,34194.0,34519.0,32873.0,32975.0,54407,28221,201503,201503,0.0
20141114,32991.0,33514.0,33011.0,33477.0,40896,123349,0,0,-505.0
20141117,33412.0,33407.0,33101.0,33179.0,27189,124979,0,0,0.0
20141118,33193.0,33637.0,33101.0,33606.0,28154,126299,0,0,0.0
20141119,33637.0,33659.0,33101.0,33179.0,21253,125128,0,0,0.0
20141120,33132.0,33614.0,33005.0,33044.0,20199,126729,0,0,0.0
20141121,33053.0,33535.0,33039.0,33415.0,12474,126567,0,0,0.0
20141124,33294.0,33378.0,32887.0,33016.0,17238,127156,0,0,0.0
20141125,33024.0,33462.0,32988.0,33297.0,12652,126162,0,0,0.0
20141126,33249.0,33990.0,33213.0,33701.0,20197,125958,0,0,0.0
20141128,33586.0,34080.0,33606.0,33729.0,10471,125097,0,0,0.0
20141201,33665.0,33850.0,33196.0,33224.0,20287,127629,0,0,0.0
20141202,33244.0,33614.0,33134.0,33336.0,18507,127921,0,0,0.0
20141203,33238.0,33822.0,33213.0,33482.0,16094,127942,0,0,0.0
20141204,33429.0,34041.0,33449.0,33920.0,17551,125415,0,0,0.0
20141205,33929.0,34193.0,33471.0,33482.0,17708,123431,0,0,0.0
20141208,33485.0,33778.0,33319.0,33297.0,13157,122282,0,0,0.0
20141209,33305.0,33907.0,33240.0,33617.0,17385,122386,0,0,0.0
20141210,33541.0,34132.0,33380.0,33443.0,21512,122013,0,0,0.0
20141211,33451.0,34289.0,33470.0,33954.0,26185,122454,0,0,0.0
20141212,33962.0,34384.0,33948.0,33988.0,13910,120906,0,0,0.0
20141215,34029.0,34317.0,33999.0,34050.0,9369,120258,0,0,0.0
20141216,34012.0,34126.0,33550.0,33562.0,15248,120923,0,0,0.0
20141217,33608.0,34188.0,33426.0,34050.0,13866,121484,0,0,0.0
20141218,34097.0,34239.0,33814.0,34145.0,12832,121727,0,0,0.0
20141219,34041.0,34222.0,33887.0,34184.0,11364,122312,0,0,0.0
20141222,33979.0,34901.0,33971.0,34830.0,20657,121868,0,0,0.0
20141223,34838.0,35277.0,34589.0,34706.0,18172,120524,0,0,0.0
20141224,34625.0,34890.0,34572.0,34684.0,5464,119940,0,0,0.0
20141226,34692.0,34778.0,34594.0,34600.0,4265,119837,0,0,0.0
20141229,34563.0,34969.0,34476.0,34813.0,10746,119817,0,0,0.0
20141231,34810.0,34851.0,33835.0,33836.0,20453,119817,0,0,0.0
20150102,33844.0,33891.0,33414.0,33449.0,19677,122109,0,0,0.0
20150105,33473.0,34323.0,33493.0,34083.0,19359,120643,0,0,0.0
20150106,34001.0,34385.0,33768.0,33797.0,16803,119551,0,0,0.0
20150107,33748.0,33975.0,33622.0,33926.0,12703,121271,0,0,0.0
20150108,33933.0,34042.0,33824.0,33999.0,12770,121196,0,0,0.0
20150109,33972.0,34166.0,33886.0,34111.0,16090,119747,0,0,0.0
20150112,34084.0,34104.0,33437.0,33533.0,24226,120382,0,0,0.0
20150113,33534.0,33829.0,33454.0,33769.0,15117,120722,0,0,0.0
20150114,33719.0,33711.0,32960.0,33112.0,33222,127418,0,0,0.0
20150115,33157.0,33835.0,33061.0,33398.0,22912,127105,0,0,0.0
20150116,33359.0,33599.0,33241.0,33252.0,15445,127197,0,0,0.0
20150120,33241.0,33341.0,32460.0,32444.0,35410,132197,0,0,0.0
20150121,32455.0,32690.0,32404.0,32568.0,21052,132357,0,0,0.0
20150122,32567.0,32785.0,32353.0,32428.0,19123,133941,0,0,0.0
20150123,32438.0,32937.0,32055.0,32170.0,33580,134879,0,0,0.0
20150126,32230.0,33004.0,32173.0,32911.0,25286,131814,0,0,0.0
20150127,32780.0,33060.0,32611.0,33001.0,21552,131887,0,0,0.0
20150128,32797.0,33391.0,32650.0,33372.0,24216,129251,0,0,0.0
20150129,33190.0,33559.0,33206.0,33445.0,32540,124561,0,0,0.0
20150130,33431.0,33503.0,33178.0,33327.0,24243,120071,0,0,0.0
20150202,33184.0,33728.0,33082.0,33625.0,38185,117613,0,0,0.0
20150203,33633.0,34531.0,33649.0,34501.0,56577,106228,0,0,0.0
20150204,34520.0,34638.0,34284.0,34377.0,62341,98096,0,0,0.0
20150205,34250.0,34762.0,34020.0,34691.0,59690,94538,0,0,0.0
20150206,34694.0,34796.0,34222.0,34579.0,45730,81156,0,0,0.0
20150209,34604.0,35262.0,34413.0,34978.0,44478,70669,0,0,0.0
20150210,35121.0,35616.0,34907.0,35096.0,53069,60577,0,0,0.0
20150211,35087.0,35128.0,34671.0,34821.0,48777,49235,0,0,0.0
20150212,34924.0,35122.0,34570.0,35079.0,43924,38390,201505,201505,0.0
20150213,35115.0,35498.0,35137.0,35405.0,36957,98663,0,0,130.0
20150217,35305.0,36197.0,35210.0,36082.0,45591,106850,0,0,0.0
20150218,36082.0,36588.0,35977.0,36524.0,45913,114706,0,0,0.0
20150219,36513.0,36761.0,36027.0,36172.0,39813,119423,0,0,0.0
20150220,36127.0,36219.0,35854.0,36155.0,28053,121761,0,0,0.0
20150223,36032.0,36157.0,35669.0,35898.0,17164,120932,0,0,0.0
20150224,35881.0,36414.0,35904.0,36295.0,18916,120251,0,0,0.0
20150225,36138.0,36850.0,35966.0,36653.0,20297,120491,0,0,0.0
20150226,36608.0,37035.0,36408.0,36463.0,21737,120890,0,0,0.0
20150227,36384.0,36616.0,35574.0,36306.0,20514,119376,0,0,0.0
20150302,36082.0,36359.0,35809.0,36261.0,19100,120181,0,0,0.0
20150303,36048.0,36135.0,35540.0,35579.0,18792,119604,0,0,0.0
20150304,35606.0,35682.0,35277.0,35562.0,18284,120424,0,0,0.0
20150305,35427.0,35822.0,35294.0,35355.0,17917,120533,0,0,0.0
20150306,35293.0,35386.0,34969.0,35210.0,19629,118536,0,0,0.0
20150309,35086.0,35302.0,34717.0,34807.0,21247,115521,0,0,0.0
20150310,34778.0,34866.0,34023.0,34035.0,35233,112492,0,0,0.0
20150311,34135.0,34173.0,33726.0,33733.0,29578,108756,0,0,0.0
20150312,33738.0,34430.0,33715.0,34231.0,28940,109371,0,0,0.0
20150313,34191.0,34430.0,33805.0,33828.0,19882,108425,0,0,0.0
20150316,33939.0,34229.0,33743.0,33822.0,14692,108552,0,0,0.0
20150317,33777.0,34033.0,33676.0,33665.0,14977,107796,0,0,0.0
20150318,33660.0,35028.0,33475.0,34934.0,36341,106694,0,0,0.0
20150319,34963.0,35453.0,34532.0,35197.0,21165,102395,0,0,0.0
20150320,35025.0,35369.0,34857.0,35124.0,20415,101502,0,0,0.0
20150323,34997.0,36090.0,34891.0,35812.0,27564,101366,0,0,0.0
20150324,35785.0,36006.0,35590.0,35734.0,22550,99435,0,0,0.0
20150325,35757.0,35833.0,35114.0,35315.0,19055,97167,0,0,0.0
20150326,35226.0,35492.0,35058.0,35270.0,18610,95507,0,0,0.0
20150327,35131.0,35749.0,35136.0,35533.0,14283,94876,0,0,0.0
20150330,35534.0,35883.0,34895.0,34957.0,24567,92049,0,0,0.0
20150331,34997.0,35749.0,34783.0,35281.0,31939,88935,0,0,0.0
20150401,35198.0,35369.0,34934.0,34990.0,18247,86045,0,0,0.0
20150402,34991.0,35721.0,35012.0,35611.0,23533,85378,0,0,0.0
20150406,35696.0,36599.0,35667.0,36534.0,32646,85022,0,0,0.0
20150407,36535.0,37270.0,36461.0,37138.0,43577,84044,0,0,0.0
20150408,37139.0,37566.0,37020.0,37311.0,52829,79236,0,0,0.0
20150409,37324.0,37532.0,36986.0,37026.0,57951,70573,0,0,0.0
20150410,37151.0,37241.0,36259.0,36377.0,57951,70573,0,0,0.0
20150413,36407.0,36732.0,36130.0,36416.0,16799,53970,0,0,0.0
20150414,36418.0,36570.0,36046.0,36170.0,16678,42134,201507,201507,0.0
20150415,36144.0,36313.0,35901.0,36075.0,19169,95338,0,0,240.0
20150416,36172.0,36269.0,35446.0,35842.0,22674,101463,0,0,0.0
20150417,36044.0,36053.0,35129.0,35126.0,22494,105017,0,0,0.0
20150420,35200.0,35404.0,34962.0,35182.0,13002,105213,0,0,0.0
20150421,35045.0,35232.0,34906.0,34960.0,12555,105352,0,0,0.0
20150422,34923.0,35210.0,34623.0,34921.0,19569,105810,0,0,0.0
20150423,34845.0,36470.0,34817.0,36325.0,33935,106612,0,0,0.0
20150424,36477.0,36958.0,36205.0,36819.0,19117,109620,0,0,0.0
20150427,36843.0,37463.0,36583.0,36758.0,22878,112396,0,0,0.0
20150428,36837.0,37224.0,36428.0,36847.0,14506,116955,0,0,0.0
20150429,36937.0,37346.0,36656.0,37236.0,12836,118208,0,0,0.0
20150430,37409.0,37779.0,37372.0,37674.0,23810,120262,0,0,0.0
20150501,37736.0,37812.0,36495.0,36969.0,21340,125173,0,0,0.0
20150504,36970.0,37124.0,36551.0,37002.0,12794,124046,0,0,0.0
20150505,37009.0,37146.0,36712.0,37046.0,10966,123181,0,0,0.0
20150506,36815.0,37007.0,36412.0,36552.0,12665,124861,0,0,0.0
20150507,36610.0,36635.0,36073.0,36369.0,15339,123989,0,0,0.0
20150508,36371.0,36752.0,36251.0,36719.0,9969,120563,0,0,0.0
20150511,36721.0,36802.0,35901.0,36292.0,15325,119991,0,0,0.0
20150512,36294.0,36391.0,35857.0,36087.0,12718,118785,0,0,0.0
20150513,36183.0,36519.0,36012.0,36503.0,12191,117042,0,0,0.0
20150514,36572.0,37035.0,36423.0,36925.0,13277,116319,0,0,0.0
20150515,36988.0,37113.0,36712.0,37097.0,8800,115864,0,0,0.0
20150518,37099.0,37146.0,36023.0,36031.0,18856,116013,0,0,0.0
20150519,36011.0,36208.0,35568.0,35715.0,23336,111773,0,0,0.0
20150520,35617.0,35969.0,35379.0,35604.0,19875,106751,0,0,0.0
20150521,35611.0,36036.0,35329.0,35371.0,19476,103504,0,0,0.0
20150522,35356.0,35586.0,35140.0,35132.0,15642,102149,0,0,0.0
20150526,35151.0,35886.0,35134.0,35138.0,18285,101682,0,0,0.0
20150527,35145.0,35459.0,35001.0,34994.0,17617,99464,0,0,0.0
20150528,34990.0,35820.0,35001.0,35704.0,15804,98722,0,0,0.0
20150529,35939.0,36958.0,35690.0,35715.0,38272,97197,0,0,0.0
20150601,35717.0,36159.0,35368.0,35382.0,21056,94670,0,0,0.0
20150602,35301.0,35682.0,35168.0,35299.0,14801,89702,0,0,0.0
20150603,35379.0,36293.0,35229.0,36209.0,21577,88082,0,0,0.0
20150604,36323.0,36604.0,36062.0,36142.0,19018,85093,0,0,0.0
20150605,36145.0,36188.0,35501.0,35526.0,20682,83753,0,0,0.0
20150608,35751.0,36105.0,35634.0,35964.0,18740,76681,0,0,0.0
20150609,35967.0,36227.0,35806.0,35825.0,20357,72021,0,0,0.0
20150610,35923.0,36166.0,35823.0,36014.0,27759,66382,0,0,0.0
20150611,36056.0,36055.0,35257.0,35259.0,26151,52751,0,0,0.0
20150612,35462.0,36044.0,35274.0,35559.0,20084,40830,201512,201512,0.0
20150615,35690.0,35800.0,34913.0,35037.0,26737,127519,0,0,250.0
20150616,35035.0,35888.0,34797.0,35775.0,28009,132539,0,0,0.0
20150617,35834.0,35888.0,35348.0,35527.0,17791,133926,0,0,0.0
20150618,35702.0,35816.0,35508.0,35637.0,13175,135140,0,0,0.0
20150619,35614.0,35662.0,34985.0,35185.0,16410,137338,0,0,0.0
20150622,35311.0,35761.0,35101.0,35681.0,15368,139979,0,0,0.0
20150623,35774.0,35816.0,35222.0,35543.0,14654,143200,0,0,0.0
20150624,35785.0,35783.0,35288.0,35565.0,9528,144290,0,0,0.0
20150625,35427.0,36174.0,35321.0,36000.0,21495,145263,0,0,0.0
20150626,36132.0,37248.0,36021.0,37173.0,40985,147369,0,0,0.0
20150629,37123.0,37342.0,36919.0,37019.0,23515,155522,0,0,0.0
20150630,37024.0,37447.0,35839.0,37393.0,43094,155981,0,0,0.0
20150701,37277.0,37453.0,36671.0,37189.0,24347,158935,0,0,0.0
20150702,37178.0,37514.0,36820.0,37106.0,19619,158854,0,0,0.0
20150706,36985.0,37101.0,36589.0,36864.0,15993,159542,0,0,0.0
20150707,36776.0,36886.0,35845.0,36319.0,20250,158171,0,0,0.0
20150708,36341.0,36341.0,35873.0,35956.0,14930,154120,0,0,0.0
20150709,35939.0,36556.0,35917.0,36264.0,11344,152226,0,0,0.0
20150710,36297.0,37030.0,35950.0,36077.0,20534,150736,0,0,0.0
20150713,36077.0,36187.0,35867.0,36077.0,10925,149716,0,0,0.0
20150714,36088.0,36490.0,36043.0,36413.0,11397,149216,0,0,0.0
20150715,36457.0,36468.0,35591.0,35719.0,18584,149760,0,0,0.0
20150716,35796.0,36044.0,35652.0,35923.0,12418,147406,0,0,0.0
20150717,35796.0,35939.0,35680.0,35912.0,7082,147311,0,0,0.0
20150720,35884.0,36033.0,35371.0,35609.0,15882,147307,0,0,0.0
20150721,35669.0,35752.0,35321.0,35372.0,12281,146491,0,0,0.0
20150722,35388.0,35780.0,35227.0,35537.0,11693,145105,0,0,0.0
20150723,35432.0,35956.0,35387.0,35647.0,10743,145300,0,0,0.0
20150724,35713.0,35774.0,35348.0,35592.0,10546,145698,0,0,0.0
20150727,35597.0,35603.0,35089.0,35129.0,17832,144571,0,0,0.0
20150728,35178.0,35790.0,35017.0,35569.0,18989,143819,0,0,0.0
20150729,35580.0,35597.0,35177.0,35178.0,11697,142674,0,0,0.0
20150730,35139.0,35289.0,34984.0,34991.0,11500,141929,0,0,0.0
20150731,34974.0,35515.0,34857.0,35354.0,18087,141651,0,0,0.0
20150803,35310.0,35311.0,34912.0,35238.0,15225,142026,0,0,0.0
20150804,35084.0,35388.0,34912.0,35040.0,12066,141839,0,0,0.0
20150805,34946.0,35223.0,34929.0,34974.0,11099,141900,0,0,0.0
20150806,34940.0,34942.0,34213.0,34280.0,32224,141810,0,0,0.0
20150807,34417.0,34419.0,33949.0,34021.0,18893,141034,0,0,0.0
20150810,33954.0,34645.0,33883.0,34115.0,21172,140607,0,0,0.0
20150811,34064.0,34315.0,33922.0,34038.0,14108,139770,0,0,0.0
20150812,34036.0,35703.0,33718.0,35618.0,49059,139197,0,0,0.0
20150813,35661.0,36634.0,35310.0,36224.0,44548,138117,0,0,0.0
20150814,36228.0,36634.0,35949.0,36312.0,17301,138070,0,0,0.0
20150817,36316.0,36843.0,36180.0,36626.0,17781,138443,0,0,0.0
20150818,36707.0,36821.0,36378.0,36687.0,15701,139180,0,0,0.0
20150819,36735.0,36793.0,36268.0,36632.0,18762,141460,0,0,0.0
20150820,36641.0,36898.0,36494.0,36852.0,14099,142329,0,0,0.0
20150821,36883.0,36904.0,36511.0,36841.0,12916,144995,0,0,0.0
20150824,36740.0,36766.0,35222.0,35266.0,36786,144910,0,0,0.0
20150825,35358.0,35703.0,34632.0,34776.0,22186,135653,0,0,0.0
20150826,34873.0,34987.0,34301.0,34418.0,20117,131411,0,0,0.0
20150827,34421.0,34932.0,34378.0,34881.0,15405,128306,0,0,0.0
20150828,34768.0,35042.0,34576.0,34688.0,13708,127915,0,0,0.0
20150831,34779.0,34992.0,34378.0,34688.0,16301,126736,0,0,0.0
20150901,34674.0,34799.0,34268.0,34523.0,13886,127015,0,0,0.0
20150902,34531.0,34590.0,34218.0,34407.0,12256,125564,0,0,0.0
20150903,34300.0,34722.0,34273.0,34556.0,10188,124540,0,0,0.0
20150904,34487.0,34623.0,34389.0,34479.0,5615,124272,0,0,0.0
20150908,34487.0,35075.0,34499.0,34842.0,13165,123855,0,0,0.0
20150909,34850.0,35047.0,34631.0,34644.0,8366,123727,0,0,0.0
20150910,34789.0,35196.0,34659.0,34716.0,11907,123884,0,0,0.0
20150911,34668.0,35361.0,34185.0,34760.0,24877,121945,0,0,0.0
20150914,34806.0,35086.0,34394.0,34441.0,13588,121166,0,0,0.0
20150915,34426.0,34629.0,34339.0,34424.0,11277,120054,0,0,0.0
20150916,34432.0,34662.0,34317.0,34529.0,10420,118909,0,0,0.0
20150917,34449.0,34816.0,34323.0,34358.0,9992,117922,0,0,0.0
20150918,34366.0,34414.0,33276.0,33339.0,30077,117593,0,0,0.0
20150921,33303.0,33555.0,33111.0,33471.0,19543,119817,0,0,0.0
20150922,33292.0,33527.0,32979.0,33036.0,17157,119930,0,0,0.0
20150923,33028.0,33290.0,32935.0,33019.0,13093,120921,0,0,0.0
20150924,32978.0,33488.0,32891.0,33206.0,15259,122033,0,0,0.0
20150925,33099.0,33692.0,33111.0,33388.0,14003,121502,0,0,0.0
20150928,33220.0,33571.0,33111.0,33449.0,9347,120481,0,0,0.0
20150929,33451.0,33736.0,33359.0,33587.0,8818,121247,0,0,0.0
20150930,33534.0,33912.0,32935.0,33279.0,18718,121918,0,0,0.0
20151001,33209.0,33631.0,33001.0,33367.0,15450,122924,0,0,0.0
20151002,33215.0,33708.0,33100.0,33114.0,9816,122442,0,0,0.0
20151005,33154.0,34275.0,33166.0,34067.0,22315,122801,0,0,0.0
20151006,34090.0,34330.0,33998.0,34183.0,12194,122964,0,0,0.0
20151007,34145.0,34413.0,34037.0,34166.0,12867,122160,0,0,0.0
20151008,34294.0,34396.0,33850.0,33984.0,12617,121066,0,0,0.0
20151009,33914.0,34280.0,33591.0,33923.0,20237,120104,0,0,0.0
20151012,34046.0,34252.0,33889.0,33967.0,11195,119214,0,0,0.0
20151013,33952.0,35337.0,33900.0,35162.0,34360,117475,0,0,0.0
20151014,35169.0,35293.0,34936.0,35107.0,17317,115200,0,0,0.0
20151015,35108.0,35117.0,34793.0,34931.0,13481,116357,0,0,0.0
20151016,34998.0,35222.0,34639.0,35157.0,11264,116300,0,0,0.0
20151019,35218.0,35288.0,34689.0,34821.0,13521,115344,0,0,0.0
20151020,34954.0,35178.0,34799.0,35118.0,9200,114896,0,0,0.0
20151021,35053.0,35613.0,35069.0,35366.0,21090,114531,0,0,0.0
20151022,35372.0,35630.0,34364.0,34424.0,23118,115374,0,0,0.0
20151023,34557.0,34738.0,34392.0,34556.0,10373,112600,0,0,0.0
20151026,34518.0,34562.0,34111.0,34209.0,14207,111740,0,0,0.0
20151027,34342.0,34799.0,34260.0,34325.0,11875,110062,0,0,0.0
20151028,34331.0,34645.0,34271.0,34507.0,9990,109936,0,0,0.0
20151029,34524.0,34656.0,34249.0,34314.0,13095,109240,0,0,0.0
20151030,34342.0,34942.0,34359.0,34865.0,16136,106492,0,0,0.0
20151102,34882.0,34942.0,34238.0,34848.0,17159,105216,0,0,0.0
20151103,34899.0,35168.0,34447.0,34452.0,19523,102516,0,0,0.0
20151104,34497.0,34639.0,34050.0,34105.0,28525,98434,0,0,0.0
20151105,34216.0,34314.0,34028.0,34111.0,16099,91368,0,0,0.0
20151106,34216.0,34259.0,33967.0,33951.0,23335,87847,0,0,0.0
20151109,34073.0,34187.0,33945.0,34083.0,24812,80755,0,0,0.0
20151110,34112.0,34650.0,33945.0,34100.0,27620,69798,0,0,0.0
20151111,34112.0,34474.0,34088.0,34238.0,18490,61609,0,0,0.0
20151112,34244.0,34408.0,34005.0,34051.0,23749,53860,201603,201603,0.0
20151113,34057.0,34177.0,33763.0,33979.0,19445,110906,0,0,140.0
20151116,33887.0,34846.0,33823.0,34319.0,37197,114704,0,0,0.0
20151117,34315.0,34747.0,34306.0,34352.0,23437,125004,0,0,0.0
20151118,34353.0,34610.0,34366.0,34500.0,14556,126323,0,0,0.0
20151119,34507.0,34736.0,34437.0,34599.0,13648,129880,0,0,0.0
20151120,34677.0,34774.0,34415.0,34440.0,14454,131678,0,0,0.0
20151123,34480.0,34544.0,33702.0,33766.0,29356,131840,0,0,0.0
20151124,33778.0,34155.0,33790.0,33952.0,11562,129547,0,0,0.0
20151125,33926.0,34906.0,33922.0,34687.0,26844,128356,0,0,0.0
20151127,35006.0,35180.0,34459.0,35043.0,16028,129716,0,0,0.0
20151130,35061.0,35147.0,34157.0,34336.0,20932,134544,0,0,0.0
20151201,34398.0,34884.0,34404.0,34829.0,18065,134294,0,0,0.0
20151202,34853.0,35054.0,34689.0,34807.0,15256,135750,0,0,0.0
20151203,34760.0,35257.0,34634.0,35054.0,20925,137449,0,0,0.0
20151204,35062.0,35581.0,34963.0,35471.0,21512,140122,0,0,0.0
20151207,35512.0,35521.0,35139.0,35394.0,18419,143901,0,0,0.0
20151208,35402.0,35477.0,35084.0,35323.0,15565,143092,0,0,0.0
20151209,35331.0,35768.0,35117.0,35526.0,21955,143077,0,0,0.0
20151210,35534.0,35554.0,34870.0,34956.0,19836,146818,0,0,0.0
20151211,34964.0,35044.0,34788.0,34923.0,10497,144952,0,0,0.0
20151214,34986.0,35044.0,34541.0,34742.0,15514,142349,0,0,0.0
20151215,34750.0,35093.0,34568.0,34704.0,12648,139991,0,0,0.0
20151216,34695.0,34885.0,34584.0,34671.0,11373,137391,0,0,0.0
20151217,34679.0,34792.0,34480.0,34528.0,13021,135738,0,0,0.0
20151218,34536.0,35055.0,34524.0,34912.0,13896,133757,0,0,0.0
20151221,34991.0,35181.0,34645.0,34709.0,10939,130283,0,0,0.0
20151222,34717.0,34929.0,34585.0,34621.0,7117,128422,0,0,0.0
20151223,34629.0,34748.0,34415.0,34407.0,11440,126860,0,0,0.0
20151228,34903.0,35335.0,34766.0,35065.0,12204,123016,0,0,0.0
20151229,35144.0,35231.0,35002.0,35010.0,9168,124256,0,0,0.0
20151230,35018.0,35171.0,34980.0,35065.0,6365,123590,0,0,0.0
20151231,35040.0,35045.0,34580.0,34687.0,14833,124780,0,0,0.0
20160104,34695.0,34848.0,34284.0,34320.0,22710,123846,0,0,0.0
20160105,34317.0,34470.0,34284.0,34358.0,11960,121661,0,0,0.0
20160106,34328.0,34371.0,33928.0,33985.0,24620,121475,0,0,0.0
20160107,33944.0,34102.0,33571.0,33673.0,29785,121454,0,0,0.0
20160108,33730.0,33943.0,33626.0,33657.0,19614,121501,0,0,0.0
20160111,33664.0,34151.0,33538.0,33712.0,21495,118767,0,0,0.0
20160112,33719.0,34151.0,33703.0,33761.0,19567,117570,0,0,0.0
20160113,33719.0,34233.0,33730.0,34062.0,15722,115182,0,0,0.0
20160114,34004.0,34249.0,33867.0,33930.0,14959,114038,0,0,0.0
20160115,33944.0,34008.0,33642.0,33661.0,13713,114762,0,0,0.0
20160119,33664.0,34507.0,33620.0,34242.0,26376,115205,0,0,0.0
20160120,34240.0,34249.0,33741.0,33968.0,17131,115736,0,0,0.0
20160121,33977.0,34244.0,33867.0,34034.0,13073,115516,0,0,0.0
20160122,34043.0,34409.0,34032.0,34231.0,12378,116145,0,0,0.0
20160125,34197.0,34266.0,33681.0,33765.0,17642,116601,0,0,0.0
20160126,33693.0,33860.0,33434.0,33661.0,23330,114772,0,0,0.0
20160127,33638.0,33706.0,33291.0,33360.0,18450,112531,0,0,0.0
20160128,33369.0,33733.0,33275.0,33634.0,19927,112957,0,0,0.0
20160129,33632.0,33936.0,33324.0,33508.0,22919,110104,0,0,0.0
20160201,33363.0,33996.0,33373.0,33870.0,23581,109423,0,0,0.0
20160202,33780.0,34270.0,33724.0,34150.0,26371,103901,0,0,0.0
20160203,34071.0,34319.0,33878.0,33953.0,22309,102660,0,0,0.0
20160204,33934.0,33935.0,32902.0,33016.0,32085,99356,0,0,0.0
20160205,33035.0,33222.0,32814.0,32873.0,32411,97436,0,0,0.0
20160208,32871.0,32964.0,32222.0,32670.0,31368,88480,0,0,0.0
20160209,32663.0,32761.0,31948.0,32144.0,31771,81838,0,0,0.0
20160210,32142.0,32317.0,32003.0,32276.0,27184,75918,0,0,0.0
20160211,32285.0,32366.0,31729.0,32024.0,33682,67115,0,0,0.0
20160212,31994.0,32437.0,31894.0,32287.0,21773,57435,201605,201605,0.0
20160216,32350.0,33122.0,32360.0,32945.0,30216,97669,0,0,-180.0
20160217,32880.0,33089.0,32752.0,32840.0,20585,104160,0,0,0.0
20160218,32852.0,33315.0,32785.0,32923.0,18717,110017,0,0,0.0
20160219,32863.0,33078.0,32752.0,32835.0,15551,113948,0,0,0.0
20160222,32808.0,33183.0,32338.0,32366.0,20803,115802,0,0,0.0
20160223,32488.0,32538.0,31924.0,31985.0,18772,116397,0,0,0.0
20160224,31997.0,32003.0,31598.0,31660.0,18586,117559,0,0,0.0
20160225,31677.0,32097.0,31604.0,31853.0,12045,121069,0,0,0.0
20160226,31760.0,31932.0,31598.0,31726.0,12323,121413,0,0,0.0
20160229,31749.0,31783.0,30091.0,31158.0,38052,121333,0,0,0.0
20160301,31269.0,31855.0,30930.0,30943.0,23515,125798,0,0,0.0
20160302,31010.0,31292.0,30704.0,30844.0,17392,123368,0,0,0.0
20160303,30817.0,31242.0,30798.0,31109.0,12386,123851,0,0,0.0
20160304,31126.0,31551.0,31030.0,31495.0,11641,124399,0,0,0.0
20160307,31551.0,31937.0,31510.0,31644.0,16320,122787,0,0,0.0
20160308,31606.0,31606.0,31195.0,31357.0,12235,121606,0,0,0.0
20160309,31358.0,31385.0,30903.0,31208.0,16081,120942,0,0,0.0
20160310,31242.0,31435.0,30715.0,31340.0,19997,121764,0,0,0.0
20160311,31203.0,31689.0,31173.0,31516.0,14839,122196,0,0,0.0
20160314,31528.0,32196.0,31537.0,32145.0,16431,120415,0,0,0.0
20160315,32162.0,32262.0,32006.0,32117.0,14671,118632,0,0,0.0
20160316,31997.0,32273.0,31741.0,32161.0,13075,115796,0,0,0.0
20160317,32201.0,32483.0,32127.0,32183.0,13033,115036,0,0,0.0
20160318,32195.0,32295.0,31354.0,31521.0,16803,114467,0,0,0.0
20160321,31500.0,32312.0,31486.0,32078.0,15255,115395,0,0,0.0
20160322,32013.0,32235.0,31795.0,32188.0,9404,112657,0,0,0.0
20160323,32201.0,32312.0,31977.0,32199.0,10193,112017,0,0,0.0
20160324,32140.0,32163.0,31635.0,31830.0,14117,111746,0,0,0.0
20160328,31798.0,31986.0,31563.0,31874.0,9276,110538,0,0,0.0
20160329,31963.0,31958.0,31574.0,31642.0,9398,110973,0,0,0.0
20160330,31604.0,31947.0,31607.0,31802.0,15717,111173,0,0,0.0
20160331,31725.0,32317.0,31458.0,32227.0,23174,109277,0,0,0.0
20160401,32139.0,32758.0,32087.0,32646.0,24099,107035,0,0,0.0
20160404,32707.0,32808.0,32407.0,32514.0,18583,103449,0,0,0.0
20160405,32525.0,32643.0,32302.0,32481.0,12698,100186,0,0,0.0
20160406,32464.0,32698.0,32363.0,32398.0,12425,98277,0,0,0.0
20160407,32425.0,32748.0,32313.0,32552.0,25924,95864,0,0,0.0
20160408,32668.0,33415.0,32583.0,33126.0,32550,86948,0,0,0.0
20160411,33341.0,33553.0,33262.0,33479.0,26295,77000,0,0,0.0
20160412,33595.0,34116.0,33201.0,33920.0,32962,67004,0,0,0.0
20160413,33987.0,34403.0,33830.0,33986.0,29080,55897,0,0,0.0
20160414,34042.0,34155.0,33069.0,33440.0,22590,45194,201607,201607,0.0
20160415,33154.0,33151.0,32236.0,32712.0,29840,101538,0,0,350.0
20160418,32658.0,34051.0,32525.0,33916.0,40357,107670,0,0,0.0
20160419,33945.0,34471.0,33539.0,34374.0,27796,110286,0,0,0.0
20160420,34463.0,35300.0,33839.0,34930.0,35377,113459,0,0,0.0
20160421,34992.0,35207.0,34341.0,34886.0,27732,111752,0,0,0.0
20160422,34899.0,34907.0,34286.0,34712.0,20488,112212,0,0,0.0
20160425,34730.0,35087.0,34406.0,34903.0,20145,113921,0,0,0.0
20160426,34932.0,35305.0,34624.0,34789.0,15772,114070,0,0,0.0
20160427,34867.0,35043.0,34575.0,34963.0,15550,113650,0,0,0.0
20160428,35020.0,35016.0,34515.0,34712.0,13140,112727,0,0,0.0
20160429,34731.0,34989.0,34433.0,34756.0,13740,112909,0,0,0.0
20160502,34796.0,35169.0,34548.0,35083.0,14958,113502,0,0,0.0
20160503,35140.0,35251.0,33894.0,34369.0,27898,114570,0,0,0.0
20160504,34382.0,34455.0,33970.0,34216.0,17050,112862,0,0,0.0
20160505,34322.0,34651.0,33605.0,33676.0,20366,110903,0,0,0.0
20160506,33820.0,33915.0,33621.0,33698.0,13453,108957,0,0,0.0
20160509,33705.0,33839.0,33359.0,33425.0,17289,107311,0,0,0.0
20160510,33558.0,33790.0,33043.0,33191.0,25523,104635,0,0,0.0
20160511,33296.0,33670.0,33016.0,33027.0,21782,101432,0,0,0.0
20160512,33072.0,33463.0,33016.0,33098.0,18753,100271,0,0,0.0
20160513,33077.0,33283.0,32852.0,33038.0,15887,100847,0,0,0.0
20160516,33088.0,33545.0,33054.0,33240.0,14579,100784,0,0,0.0
20160517,33262.0,33714.0,33261.0,33038.0,1815,100784,0,0,0.0
20160518,33856.0,34287.0,33479.0,33817.0,16864,101504,0,0,0.0
20160519,33861.0,33889.0,33043.0,33283.0,19268,99270,0,0,0.0
20160520,33381.0,33845.0,33299.0,33610.0,12922,98512,0,0,0.0
20160523,33626.0,33714.0,33315.0,33490.0,10702,97252,0,0,0.0
20160524,33468.0,34461.0,33342.0,34340.0,26363,97059,0,0,0.0
20160525,34379.0,34581.0,34007.0,34280.0,14261,96796,0,0,0.0
20160526,34292.0,35197.0,34269.0,35059.0,25673,96898,0,0,0.0
20160527,35077.0,35219.0,34667.0,35032.0,14312,95799,0,0,0.0
