Date,Open,High,Low,Close,Volume,OI,P,R,RINFO
20140527,144800.0,145360.0,144750.0,145270.0,847130,89936,0,0,0.0
20140528,145360.0,145920.0,145250.0,145870.0,606880,104330,0,0,0.0
20140529,145950.0,145950.0,145490.0,145490.0,686810,129410,0,0,0.0
20140530,145170.0,145690.0,145170.0,145690.0,1222600,188183,0,0,0.0
20140602,145610.0,145870.0,145370.0,145530.0,1995800,415585,0,0,0.0
20140603,145600.0,145600.0,144750.0,144750.0,2096900,728334,0,0,0.0
20140604,144840.0,145050.0,144590.0,144680.0,1443400,1009901,0,0,0.0
20140605,144820.0,145220.0,144030.0,145170.0,851560,1114720,0,0,0.0
20140606,145250.0,145990.0,145160.0,145640.0,325750,1118628,0,0,0.0
20140609,145520.0,145760.0,145330.0,145440.0,541690,1119160,0,0,0.0
20140610,145560.0,145570.0,144940.0,144950.0,711300,1154286,0,0,0.0
20140611,144890.0,145300.0,144580.0,145180.0,551940,1155911,0,0,0.0
20140612,144970.0,145630.0,144900.0,145250.0,623050,1171463,0,0,0.0
20140613,145350.0,145650.0,144910.0,145530.0,387300,1208323,0,0,0.0
20140616,145650.0,145810.0,145510.0,145640.0,560690,1207354,0,0,0.0
20140617,145660.0,145720.0,145020.0,145100.0,551560,1224125,0,0,0.0
20140618,145140.0,145680.0,144910.0,145640.0,591330,1236660,0,0,0.0
20140619,145770.0,146330.0,145710.0,145930.0,419720,1279737,0,0,0.0
20140620,146050.0,146080.0,145660.0,145900.0,388010,1283744,0,0,0.0
20140623,145810.0,146260.0,145720.0,145980.0,477860,1119093,0,0,0.0
20140624,146020.0,146300.0,145990.0,146300.0,573010,1136732,0,0,0.0
20140625,146350.0,146920.0,146210.0,146770.0,577070,1133050,0,0,0.0
20140626,146780.0,147180.0,146730.0,147060.0,455250,1139133,0,0,0.0
20140627,147190.0,147190.0,146810.0,146880.0,480230,1144167,0,0,0.0
20140630,146900.0,147130.0,146770.0,147080.0,422090,1146600,0,0,0.0
20140701,146980.0,147190.0,146850.0,146990.0,613380,1165799,0,0,0.0
20140702,147010.0,147250.0,146550.0,146570.0,727270,1185339,0,0,0.0
20140703,146620.0,146620.0,145850.0,146530.0,307430,1206855,0,0,0.0
20140707,146800.0,146980.0,146710.0,146910.0,534250,1202288,0,0,0.0
20140708,146880.0,147470.0,146810.0,147430.0,423260,1249170,0,0,0.0
20140709,147400.0,147540.0,147230.0,147490.0,757270,1240334,0,0,0.0
20140710,147540.0,148060.0,147470.0,147600.0,460170,1246274,0,0,0.0
20140711,147640.0,147720.0,147390.0,147530.0,230590,1217550,0,0,0.0
20140714,147500.0,147660.0,147460.0,147540.0,671600,1214332,0,0,0.0
20140715,147620.0,147900.0,147430.0,147560.0,494330,1201250,0,0,0.0
20140716,147630.0,147860.0,147600.0,147860.0,637260,1196169,0,0,0.0
20140717,147950.0,148480.0,147870.0,148410.0,465110,1180120,0,0,0.0
20140718,148350.0,148490.0,148120.0,148250.0,321780,1184098,0,0,0.0
20140721,148300.0,148450.0,148200.0,148250.0,636780,1178298,0,0,0.0
20140722,148290.0,148330.0,147910.0,148170.0,458730,1170546,0,0,0.0
20140723,148140.0,148440.0,148010.0,148280.0,603600,1182118,0,0,0.0
20140724,148320.0,148390.0,147780.0,147910.0,605238,1180127,0,0,0.0
20140725,147950.0,148400.0,147810.0,148370.0,427300,1166733,0,0,0.0
20140728,148350.0,148460.0,148060.0,148300.0,621570,1172062,0,0,0.0
20140729,148240.0,148780.0,148180.0,148730.0,721360,1180135,0,0,0.0
20140730,148640.0,148710.0,147750.0,147930.0,910470,1155769,0,0,0.0
20140731,147940.0,148270.0,147650.0,148120.0,810250,1159163,0,0,0.0
20140801,147980.0,148620.0,147740.0,148470.0,388470,1178784,0,0,0.0
20140804,148400.0,148570.0,148330.0,148360.0,543440,1185034,0,0,0.0
20140805,148400.0,148480.0,147840.0,148280.0,771250,1200707,0,0,0.0
20140806,148210.0,148990.0,148190.0,148910.0,699020,1275317,0,0,0.0
20140807,148900.0,149490.0,148860.0,149490.0,811990,1249150,0,0,0.0
20140808,149680.0,149840.0,149160.0,149180.0,427740,1249794,0,0,0.0
20140811,149220.0,149510.0,149160.0,149370.0,472780,1266909,0,0,0.0
20140812,149310.0,149540.0,149250.0,149290.0,693100,1265573,0,0,0.0
20140813,149240.0,149870.0,149070.0,149830.0,697004,1289070,0,0,0.0
20140814,149880.0,150160.0,149790.0,149900.0,650340,1341751,0,0,0.0
20140815,149880.0,150700.0,149860.0,150310.0,658569,1308137,0,0,0.0
20140818,150200.0,150270.0,149810.0,149810.0,493010,1311375,0,0,0.0
20140819,149850.0,150250.0,149820.0,150080.0,461000,1329382,0,0,0.0
20140820,150070.0,150370.0,149940.0,150190.0,605120,1345860,0,0,0.0
20140821,150130.0,150400.0,149950.0,150220.0,613110,1319205,201412,201412,0.0
20140822,150280.0,150650.0,150170.0,150490.0,401870,57309,0,0,-1940.0
20140825,150432.0,151126.0,150433.0,150926.0,578600,59286,0,0,0.0
20140826,150939.0,151055.0,150808.0,151007.0,688200,71533,0,0,0.0
20140827,151050.0,151501.0,151000.0,151362.0,759570,82733,0,0,0.0
20140828,151415.0,151866.0,151294.0,151757.0,713620,86605,0,0,0.0
20140829,151729.0,151744.0,151304.0,151534.0,357990,109035,0,0,0.0
20140901,151537.0,151653.0,151456.0,151625.0,357990,109035,0,0,0.0
20140902,151547.0,151552.0,150868.0,151048.0,1764600,152814,0,0,0.0
20140903,151030.0,151096.0,150544.0,150967.0,2566300,703470,0,0,0.0
20140904,150969.0,151501.0,150493.0,150673.0,1596500,968396,0,0,0.0
20140905,150645.0,151278.0,150594.0,151007.0,597930,1183620,0,0,0.0
20140908,151081.0,151379.0,150574.0,150673.0,954600,1166570,0,0,0.0
20140909,150564.0,150629.0,150098.0,150329.0,831600,1181586,0,0,0.0
20140910,150280.0,150386.0,149956.0,150238.0,885550,1178967,0,0,0.0
20140911,150300.0,150660.0,150219.0,150258.0,654440,1179712,0,0,0.0
20140912,150249.0,150265.0,149702.0,149762.0,563260,1196165,0,0,0.0
20140915,149854.0,150316.0,149743.0,150198.0,674650,1206573,0,0,0.0
20140916,150259.0,150559.0,150037.0,150056.0,613830,1205876,0,0,0.0
20140917,150087.0,150539.0,149976.0,150036.0,847020,1200982,0,0,0.0
20140918,149925.0,150407.0,149652.0,149955.0,760950,1211564,0,0,0.0
20140919,149733.0,150650.0,149561.0,150613.0,520830,1231320,0,0,0.0
20140922,150716.0,150913.0,150513.0,150876.0,587810,1212046,0,0,0.0
20140923,150848.0,151197.0,150766.0,150947.0,575840,1230855,0,0,0.0
20140924,150899.0,151116.0,150725.0,150815.0,625910,1211574,0,0,0.0
20140925,150848.0,151430.0,150847.0,151403.0,721471,1219602,0,0,0.0
20140926,151466.0,151673.0,151212.0,151383.0,568511,1232634,0,0,0.0
20140929,151415.0,151632.0,151161.0,151494.0,892830,1210952,0,0,0.0
20140930,151425.0,151754.0,151252.0,151676.0,886310,1225698,0,0,0.0
20141001,151678.0,152382.0,151607.0,152375.0,886300,1225189,0,0,0.0
20141002,152296.0,152311.0,151810.0,151929.0,628690,1210198,0,0,0.0
20141003,151952.0,152027.0,151405.0,151899.0,566220,1219366,0,0,0.0
20141006,151901.0,152189.0,151891.0,152061.0,830250,1204911,0,0,0.0
20141007,152124.0,152311.0,151790.0,152304.0,732120,1194143,0,0,0.0
20141008,152144.0,152392.0,151912.0,152284.0,940950,1198272,0,0,0.0
20141009,152286.0,152747.0,152104.0,152173.0,705790,1200476,0,0,0.0
20141010,152266.0,152544.0,151982.0,152548.0,472770,1195402,0,0,0.0
20141013,152722.0,152726.0,152185.0,152416.0,947200,1189828,0,0,0.0
20141014,152347.0,153162.0,152205.0,153074.0,1617400,1200846,0,0,0.0
20141015,152894.0,154479.0,152894.0,153540.0,1412000,1219469,0,0,0.0
20141016,153634.0,154459.0,152843.0,153094.0,962060,1179728,0,0,0.0
20141017,153188.0,153233.0,152458.0,152648.0,695060,1174749,0,0,0.0
20141020,152651.0,153091.0,152610.0,152790.0,779070,1165478,0,0,0.0
20141021,152985.0,153091.0,152225.0,152385.0,657070,1171237,0,0,0.0
20141022,152560.0,152797.0,152255.0,152689.0,634975,1183831,0,0,0.0
20141023,152763.0,152898.0,152042.0,152182.0,613380,1179558,0,0,0.0
20141024,152368.0,152706.0,152234.0,152253.0,529690,1189832,0,0,0.0
20141027,152257.0,152686.0,152031.0,152486.0,562650,1179883,0,0,0.0
20141028,152520.0,152676.0,152193.0,152435.0,464630,1162905,0,0,0.0
20141029,152530.0,152625.0,152021.0,152243.0,789920,1162253,0,0,0.0
20141030,152226.0,153071.0,152193.0,152861.0,804530,1192854,0,0,0.0
20141031,152733.0,153122.0,152517.0,153064.0,529750,1192854,0,0,0.0
20141103,153148.0,153325.0,152649.0,152932.0,716120,1218118,0,0,0.0
20141104,152956.0,153426.0,152801.0,153216.0,493810,1216263,0,0,0.0
20141105,153169.0,153284.0,153044.0,153186.0,717480,1214133,0,0,0.0
20141106,153240.0,153325.0,152740.0,153105.0,652680,1221970,0,0,0.0
20141107,153088.0,153376.0,152750.0,153358.0,422790,1230325,0,0,0.0
20141110,153351.0,153568.0,153054.0,153084.0,335580,1206714,0,0,0.0
20141111,153088.0,153325.0,152943.0,153236.0,601550,1202401,0,0,0.0
20141112,153311.0,153690.0,153287.0,153307.0,551880,1233519,0,0,0.0
20141113,153321.0,153781.0,153267.0,153662.0,466280,1262900,0,0,0.0
20141114,153665.0,153913.0,153601.0,153875.0,556280,1245452,0,0,0.0
20141117,154009.0,154065.0,153490.0,153581.0,492410,1235981,0,0,0.0
20141118,153665.0,153832.0,153531.0,153571.0,734840,1234561,0,0,0.0
20141119,153635.0,153731.0,152913.0,153085.0,770960,1236212,0,0,0.0
20141120,153128.0,153751.0,153065.0,153581.0,584130,1267758,0,0,0.0
20141121,153574.0,154035.0,153521.0,154006.0,464827,1251087,201503,201503,0.0
20141124,153969.0,154045.0,153784.0,154026.0,599623,112005,0,0,800.0
20141125,153969.0,154438.0,153955.0,154399.0,620005,125819,0,0,0.0
20141126,154443.0,154589.0,154257.0,154560.0,593770,158941,0,0,0.0
20141127,154524.0,154992.0,154499.0,154943.0,469817,141015,0,0,0.0
20141128,154927.0,155022.0,154791.0,154983.0,986132,178600,0,0,0.0
20141201,155038.0,155052.0,154196.0,154257.0,1440400,251874,0,0,0.0
20141202,154222.0,154558.0,154186.0,154247.0,2025054,451273,0,0,0.0
20141203,154293.0,154467.0,154065.0,154338.0,1985946,750011,0,0,0.0
20141204,154293.0,154517.0,153743.0,154197.0,1062420,960212,0,0,0.0
20141205,154233.0,154356.0,153683.0,153995.0,645255,1091458,0,0,0.0
20141208,153911.0,154890.0,153774.0,154801.0,759995,1108861,0,0,0.0
20141209,154758.0,155172.0,154641.0,155033.0,510456,1082333,0,0,0.0
20141210,155030.0,155424.0,155014.0,155376.0,604067,1067046,0,0,0.0
20141211,155332.0,155525.0,155155.0,155346.0,554285,1073936,0,0,0.0
20141212,155493.0,155999.0,155427.0,155941.0,469450,1084663,0,0,0.0
20141215,155906.0,155928.0,155548.0,155800.0,846560,1091621,0,0,0.0
20141216,155825.0,156643.0,155729.0,156435.0,551710,1090633,0,0,0.0
20141217,156228.0,156653.0,156122.0,156143.0,566350,1098074,0,0,0.0
20141218,156258.0,156593.0,155789.0,156032.0,354020,1105454,0,0,0.0
20141219,156107.0,156412.0,155779.0,156344.0,228920,1121207,0,0,0.0
20141222,156440.0,156432.0,156101.0,156334.0,201708,1118278,0,0,0.0
20141223,156339.0,156513.0,156121.0,156203.0,238170,1114017,0,0,0.0
20141229,156349.0,157087.0,156262.0,156959.0,337410,1118263,0,0,0.0
20150102,157054.0,157782.0,156947.0,157705.0,593780,1140284,0,0,0.0
20150105,157729.0,157792.0,157411.0,157534.0,735380,1144237,0,0,0.0
20150106,157618.0,158417.0,157502.0,158189.0,759650,1144455,0,0,0.0
20150107,158072.0,158477.0,157724.0,157907.0,676600,1123331,0,0,0.0
20150108,157830.0,157963.0,157482.0,157544.0,663850,1122768,0,0,0.0
20150109,157588.0,157983.0,157311.0,157655.0,484560,1124310,0,0,0.0
20150112,157739.0,158114.0,157513.0,157998.0,606380,1149794,0,0,0.0
20150113,157930.0,158255.0,157775.0,157968.0,745390,1135951,0,0,0.0
20150114,158172.0,158628.0,158057.0,158432.0,902470,1158901,0,0,0.0
20150115,158243.0,158920.0,158218.0,158896.0,761830,1161186,0,0,0.0
20150116,158878.0,159192.0,158591.0,158644.0,363620,1161473,0,0,0.0
20150119,158807.0,159101.0,158621.0,158926.0,618410,1132577,0,0,0.0
20150120,158857.0,159071.0,158752.0,158876.0,1053000,1158077,0,0,0.0
20150121,158928.0,158980.0,157825.0,157909.0,1218300,1160786,0,0,0.0
20150122,157840.0,159302.0,157210.0,158846.0,822480,1178017,0,0,0.0
20150123,159049.0,160169.0,158913.0,160096.0,549330,1165998,0,0,0.0
20150126,160117.0,160280.0,159356.0,159501.0,598800,1152803,0,0,0.0
20150127,159543.0,159706.0,159376.0,159430.0,676800,1138885,0,0,0.0
20150128,159402.0,160421.0,159054.0,160317.0,578920,1132592,0,0,0.0
20150129,160188.0,160340.0,159699.0,159783.0,636250,1133309,0,0,0.0
20150130,159936.0,160773.0,159850.0,160720.0,485680,1131716,0,0,0.0
20150202,160611.0,160733.0,160394.0,160498.0,641280,1139740,0,0,0.0
20150203,160581.0,160602.0,159890.0,159984.0,691200,1166180,0,0,0.0
20150204,159896.0,160269.0,159749.0,160125.0,663590,1169535,0,0,0.0
20150205,160370.0,160410.0,159547.0,159813.0,621540,1161296,0,0,0.0
20150206,159806.0,160188.0,159547.0,159682.0,526010,1171114,0,0,0.0
20150209,159816.0,160339.0,159678.0,159964.0,764740,1172305,0,0,0.0
20150210,159856.0,160027.0,159406.0,159783.0,427500,1190401,0,0,0.0
20150211,159796.0,160108.0,159749.0,160015.0,756210,1166264,0,0,0.0
20150212,160018.0,160471.0,159678.0,160348.0,521300,1205110,0,0,0.0
20150213,160330.0,160360.0,159950.0,160056.0,294050,1204804,0,0,0.0
20150216,160048.0,160602.0,160000.0,160550.0,589600,1208787,0,0,0.0
20150217,160602.0,160592.0,159516.0,159693.0,710920,1215685,0,0,0.0
20150218,159786.0,159947.0,159456.0,159895.0,711130,1240201,0,0,0.0
20150219,159937.0,160108.0,159557.0,159744.0,807520,1208870,0,0,0.0
20150220,159715.0,160430.0,159426.0,159603.0,481070,1204389,0,0,0.0
20150223,159765.0,160168.0,159638.0,160127.0,586770,1209311,201506,201506,0.0
20150224,160188.0,160178.0,159779.0,160167.0,775400,149543,0,0,-2230.0
20150225,160219.0,160842.0,160167.0,160831.0,767880,179682,0,0,0.0
20150226,160842.0,161251.0,160739.0,160943.0,978270,221270,0,0,0.0
20150227,161087.0,161077.0,160483.0,160800.0,1013700,287614,0,0,0.0
20150302,160688.0,160893.0,160268.0,160289.0,2121700,431974,0,0,0.0
20150303,160340.0,160515.0,159961.0,160044.0,2126600,717757,0,0,0.0
20150304,159972.0,160259.0,159828.0,159972.0,1966600,1032398,0,0,0.0
20150305,159931.0,160801.0,159256.0,160473.0,792080,1254160,0,0,0.0
20150306,160626.0,160627.0,159573.0,159686.0,673791,1233117,0,0,0.0
20150309,159686.0,160842.0,159655.0,160769.0,800560,1246235,0,0,0.0
20150310,160769.0,161987.0,160738.0,161955.0,770220,1294310,0,0,0.0
20150311,161904.0,162294.0,161637.0,162067.0,753520,1266813,0,0,0.0
20150312,162119.0,162335.0,161392.0,161474.0,593110,1276486,0,0,0.0
20150313,161424.0,161671.0,161065.0,161423.0,511560,1279662,0,0,0.0
20150316,161516.0,161548.0,160942.0,161208.0,477900,1277424,0,0,0.0
20150317,161271.0,161313.0,160983.0,161096.0,737170,1279998,0,0,0.0
20150318,161159.0,162642.0,161106.0,162558.0,530440,1288174,0,0,0.0
20150319,162447.0,162509.0,161954.0,162251.0,369270,1285819,0,0,0.0
20150320,162304.0,162489.0,162097.0,162363.0,434390,1280360,0,0,0.0
20150323,162396.0,162458.0,161739.0,161893.0,493310,1271325,0,0,0.0
20150324,161895.0,162172.0,161596.0,161821.0,456270,1272432,0,0,0.0
20150325,161834.0,162060.0,161627.0,161657.0,435660,1280949,0,0,0.0
20150326,161793.0,162060.0,161668.0,161892.0,533570,1283168,0,0,0.0
20150327,161946.0,162101.0,161545.0,161994.0,396330,1295499,0,0,0.0
20150330,162028.0,162397.0,161893.0,161984.0,497020,1293139,0,0,0.0
20150331,162048.0,162387.0,161852.0,162291.0,570280,1302743,0,0,0.0
20150401,162232.0,162724.0,162067.0,162414.0,399610,1303051,0,0,0.0
20150402,162436.0,162581.0,162128.0,162271.0,285270,1303051,0,0,0.0
20150407,162375.0,162407.0,162138.0,162394.0,386320,1281005,0,0,0.0
20150408,162467.0,162703.0,162445.0,162629.0,454740,1294213,0,0,0.0
20150409,162671.0,162959.0,162517.0,162547.0,386620,1312241,0,0,0.0
20150410,162559.0,162887.0,162527.0,162659.0,386620,1312241,0,0,0.0
20150413,162733.0,162918.0,162547.0,162720.0,385536,1310014,0,0,0.0
20150414,162876.0,163143.0,162762.0,163068.0,455024,1316628,0,0,0.0
20150415,162999.0,163582.0,162966.0,163497.0,491173,1316425,0,0,0.0
20150416,163459.0,163940.0,163436.0,163722.0,609389,1337856,0,0,0.0
20150417,163868.0,164236.0,163753.0,163834.0,486837,1336167,0,0,0.0
20150420,163888.0,164052.0,163784.0,163906.0,353245,1331573,0,0,0.0
20150421,163908.0,163980.0,163355.0,163538.0,507052,1321762,0,0,0.0
20150422,163520.0,163714.0,162629.0,162710.0,716871,1331443,0,0,0.0
20150423,162764.0,163101.0,162537.0,162690.0,613270,1329228,0,0,0.0
20150424,162692.0,162897.0,162445.0,162813.0,546428,1322404,0,0,0.0
20150427,162927.0,163071.0,162547.0,162711.0,392338,1320370,0,0,0.0
20150428,162723.0,162989.0,162567.0,162793.0,495192,1315913,0,0,0.0
20150429,162713.0,162723.0,161085.0,161219.0,1151159,1324371,0,0,0.0
20150430,161231.0,161374.0,159879.0,160166.0,1231163,1322109,0,0,0.0
20150504,160148.0,160209.0,158898.0,159113.0,632928,1344732,0,0,0.0
20150505,158973.0,159667.0,158019.0,158275.0,1220081,1375861,0,0,0.0
20150506,158166.0,158389.0,157099.0,157335.0,1301171,1391353,0,0,0.0
20150507,157134.0,157847.0,154789.0,157407.0,1725063,1442312,0,0,0.0
20150508,157778.0,158378.0,156956.0,158184.0,988226,1452209,0,0,0.0
20150511,158197.0,158450.0,156782.0,157540.0,720301,1451969,0,0,0.0
20150512,156694.0,156896.0,155637.0,156426.0,1250570,1438255,0,0,0.0
20150513,156336.0,157560.0,155330.0,156099.0,1032792,1479445,0,0,0.0
20150514,155518.0,156589.0,155371.0,156079.0,709421,1503727,0,0,0.0
20150515,156489.0,157294.0,156393.0,156958.0,668513,1509503,0,0,0.0
20150518,156857.0,157233.0,156628.0,156907.0,566665,1508411,0,0,0.0
20150519,156939.0,158184.0,156873.0,157295.0,988964,1498699,201509,201509,0.0
20150520,157287.0,157785.0,156914.0,156999.0,52824,174347,0,0,-240.0
20150521,156980.0,157283.0,156259.0,156876.0,59408,212179,0,0,0.0
20150522,156867.0,157477.0,156853.0,157296.0,32661,244611,0,0,0.0
20150526,157553.0,158255.0,157365.0,158095.0,77263,252539,0,0,0.0
20150527,158014.0,158449.0,157662.0,158034.0,89375,276799,0,0,0.0
20150528,158239.0,158551.0,158133.0,158229.0,62856,296614,0,0,0.0
20150529,158577.0,159032.0,158379.0,158772.0,146536,315768,0,0,0.0
20150601,158772.0,159114.0,157877.0,158577.0,324916,350038,0,0,0.0
20150602,158188.0,158223.0,155850.0,156274.0,749854,417317,0,0,0.0
20150603,155987.0,156247.0,153465.0,154093.0,1013275,636222,0,0,0.0
20150604,153530.0,154855.0,152400.0,154482.0,1132522,931128,0,0,0.0
20150605,154482.0,154691.0,153383.0,154666.0,961512,1202287,0,0,0.0
20150608,154400.0,154814.0,153803.0,154001.0,549445,1339510,0,0,0.0
20150609,154246.0,154394.0,152882.0,152957.0,759370,1332860,0,0,0.0
20150610,152956.0,153176.0,151746.0,152517.0,1033198,1331947,0,0,0.0
20150611,152577.0,154322.0,152186.0,153960.0,869586,1356619,0,0,0.0
20150612,154491.0,154875.0,153486.0,154625.0,780067,1341722,0,0,0.0
20150615,154972.0,155418.0,154581.0,154860.0,672117,1325457,0,0,0.0
20150616,155033.0,155807.0,154868.0,155024.0,787121,1304776,0,0,0.0
20150617,155330.0,155531.0,154848.0,155024.0,584347,1295921,0,0,0.0
20150618,155668.0,156074.0,154172.0,155065.0,763319,1240769,0,0,0.0
20150619,155023.0,155818.0,154971.0,155649.0,541397,1222363,0,0,0.0
20150622,155351.0,155378.0,153855.0,153929.0,814048,1219760,0,0,0.0
20150623,153928.0,154416.0,153579.0,154267.0,669423,1214039,0,0,0.0
20150624,154245.0,155153.0,154193.0,154666.0,598367,1213786,0,0,0.0
20150625,154910.0,155030.0,154019.0,154451.0,650330,1210820,0,0,0.0
20150626,154613.0,154672.0,153415.0,153755.0,589126,1192455,0,0,0.0
20150629,156149.0,156525.0,154715.0,155373.0,857975,1178120,0,0,0.0
20150630,156016.0,156167.0,155073.0,155608.0,815924,1157453,0,0,0.0
20150701,155617.0,155819.0,154684.0,155158.0,721060,1145338,0,0,0.0
20150702,154870.0,154867.0,154029.0,154626.0,691630,1130121,0,0,0.0
20150706,156815.0,156976.0,155636.0,155783.0,604569,1140279,0,0,0.0
20150707,156119.0,157693.0,155882.0,157554.0,814823,1157331,0,0,0.0
20150708,157092.0,157887.0,156732.0,156858.0,709615,1171298,0,0,0.0
20150709,156826.0,157027.0,155903.0,156274.0,533859,1129069,0,0,0.0
20150710,155700.0,155686.0,153907.0,154278.0,845961,1100303,0,0,0.0
20150713,154789.0,154918.0,153037.0,154708.0,720873,1106529,0,0,0.0
20150714,154687.0,155338.0,154521.0,154974.0,481850,1117058,0,0,0.0
20150715,155066.0,156300.0,154890.0,155813.0,608202,1104398,0,0,0.0
20150716,155916.0,156146.0,155207.0,155680.0,575409,1112745,0,0,0.0
20150717,155834.0,156494.0,155831.0,156274.0,423860,1124977,0,0,0.0
20150720,156264.0,156955.0,156036.0,156530.0,410866,1141483,0,0,0.0
20150721,156633.0,156945.0,156118.0,156376.0,465064,1142731,0,0,0.0
20150722,156633.0,156925.0,156292.0,156847.0,397214,1142000,0,0,0.0
20150723,156776.0,157089.0,156650.0,156765.0,384258,1146623,0,0,0.0
20150724,157093.0,157580.0,156988.0,157502.0,431994,1151420,0,0,0.0
20150727,157605.0,157856.0,157336.0,157553.0,394083,1124377,0,0,0.0
20150728,157533.0,157569.0,156916.0,157492.0,435610,1117230,0,0,0.0
20150729,157482.0,157559.0,156988.0,157257.0,346108,1127661,0,0,0.0
20150730,157093.0,158153.0,157039.0,158035.0,528389,1135741,0,0,0.0
20150731,158086.0,158143.0,157315.0,158066.0,668874,1148731,0,0,0.0
20150803,158055.0,158614.0,157745.0,158240.0,344874,1150603,0,0,0.0
20150804,158290.0,158757.0,157817.0,158230.0,479366,1140622,0,0,0.0
20150805,157860.0,158020.0,156537.0,156981.0,656741,1149754,0,0,0.0
20150806,156949.0,157590.0,156854.0,157360.0,494946,1151002,0,0,0.0
20150807,157420.0,158204.0,157212.0,158097.0,409466,1170772,0,0,0.0
20150810,158096.0,158102.0,157509.0,157595.0,274055,1175590,0,0,0.0
20150811,157891.0,158655.0,157796.0,158619.0,497060,1174959,0,0,0.0
20150812,158925.0,159157.0,158482.0,158977.0,630362,1192236,0,0,0.0
20150813,158454.0,158799.0,158206.0,158598.0,463769,1183663,0,0,0.0
20150814,158649.0,158819.0,158206.0,158332.0,342037,1180878,0,0,0.0
20150817,158454.0,158758.0,158186.0,158660.0,347947,1175481,0,0,0.0
20150818,158669.0,158952.0,158237.0,158496.0,420899,1181471,0,0,0.0
20150819,158515.0,159218.0,158217.0,158598.0,446107,1181317,201512,201512,0.0
20150820,159139.0,159392.0,158893.0,159253.0,28443,98510,0,0,300.0
20150821,159558.0,159607.0,159097.0,159284.0,6985,106052,0,0,0.0
20150824,159742.0,160240.0,158821.0,159386.0,38639,108479,0,0,0.0
20150825,159037.0,159055.0,156869.0,157097.0,55249,117404,0,0,0.0
20150826,157137.0,158095.0,157022.0,157802.0,61787,132049,0,0,0.0
20150827,157495.0,157645.0,157134.0,157271.0,18126,142831,0,0,0.0
20150828,157372.0,157911.0,157001.0,157383.0,26990,146621,0,0,0.0
20150831,157198.0,157513.0,156092.0,156535.0,59082,156518,0,0,0.0
20150901,156360.0,156849.0,156072.0,156372.0,333972,179178,0,0,0.0
20150902,156462.0,156777.0,156174.0,156556.0,575392,261304,0,0,0.0
20150903,156564.0,157564.0,156460.0,157353.0,663489,490774,0,0,0.0
20150904,157780.0,158616.0,157615.0,158262.0,862711,728764,0,0,0.0
20150908,158240.0,158371.0,157881.0,158129.0,489897,1070861,0,0,0.0
20150909,157842.0,158310.0,157666.0,157853.0,548036,1091296,0,0,0.0
20150910,158230.0,158433.0,157901.0,158098.0,480269,1107293,0,0,0.0
20150911,158179.0,158678.0,158064.0,158629.0,415944,1114877,0,0,0.0
20150914,158577.0,158882.0,158371.0,158660.0,342085,1118840,0,0,0.0
20150915,158669.0,158708.0,157114.0,157465.0,656786,1110739,0,0,0.0
20150916,157269.0,157564.0,156838.0,157107.0,716704,1106117,0,0,0.0
20150917,157065.0,158054.0,156930.0,157046.0,453936,1102143,0,0,0.0
20150918,158128.0,158810.0,158013.0,158476.0,736018,1093733,0,0,0.0
20150921,158649.0,158687.0,158115.0,158221.0,419835,1134142,0,0,0.0
20150922,158342.0,159576.0,158258.0,159457.0,717876,1115101,0,0,0.0
20150923,159599.0,159648.0,159096.0,159314.0,495245,1146529,0,0,0.0
20150924,159446.0,159842.0,159137.0,159590.0,697699,1147723,0,0,0.0
20150925,159139.0,159198.0,158504.0,158813.0,620298,1154418,0,0,0.0
20150928,159098.0,159678.0,158800.0,159436.0,534340,1141291,0,0,0.0
20150929,159762.0,159923.0,159250.0,159569.0,637692,1155580,0,0,0.0
20150930,159517.0,159678.0,159240.0,159589.0,590228,1155898,0,0,0.0
20151001,159507.0,160363.0,159332.0,160182.0,730435,1147008,0,0,0.0
20151002,160028.0,161088.0,159843.0,160662.0,751889,1168615,0,0,0.0
20151005,160549.0,160638.0,159843.0,159916.0,503816,1156044,0,0,0.0
20151006,160028.0,160076.0,159301.0,159579.0,615402,1156375,0,0,0.0
20151007,159507.0,159698.0,159127.0,159569.0,615487,1162966,0,0,0.0
20151008,159854.0,160158.0,159393.0,159722.0,524385,1159269,0,0,0.0
20151009,159558.0,159657.0,159158.0,159313.0,473355,1167214,0,0,0.0
20151013,159824.0,160107.0,159495.0,159579.0,536125,1168997,0,0,0.0
20151014,159804.0,160414.0,159802.0,160294.0,561794,1157827,0,0,0.0
20151015,160264.0,160526.0,160057.0,160161.0,476774,1178906,0,0,0.0
20151016,160111.0,160516.0,160098.0,160324.0,403364,1212241,0,0,0.0
20151019,160213.0,160322.0,159853.0,160048.0,446535,1191806,0,0,0.0
20151020,160223.0,160281.0,159097.0,159302.0,702411,1181555,0,0,0.0
20151021,159150.0,160087.0,159107.0,159997.0,567360,1161239,0,0,0.0
20151022,160049.0,161139.0,159822.0,160896.0,676006,1177655,0,0,0.0
20151023,160948.0,161211.0,160629.0,160886.0,585486,1231641,0,0,0.0
20151026,160866.0,161150.0,160823.0,161019.0,344427,1223557,0,0,0.0
20151027,161040.0,161814.0,161027.0,161796.0,556810,1234681,0,0,0.0
20151028,161704.0,162039.0,161354.0,161786.0,592808,1227163,0,0,0.0
20151029,161469.0,161671.0,160404.0,160519.0,740374,1246443,0,0,0.0
20151030,160631.0,160976.0,160373.0,160631.0,637663,1233642,0,0,0.0
20151102,160856.0,160853.0,159903.0,160089.0,600090,1214211,0,0,0.0
20151103,160182.0,160475.0,159831.0,160007.0,495363,1202441,0,0,0.0
20151104,160019.0,160342.0,159606.0,159741.0,649956,1204743,0,0,0.0
20151105,159845.0,160015.0,159504.0,159680.0,720787,1213673,0,0,0.0
20151106,159784.0,159903.0,158401.0,158556.0,881780,1209493,0,0,0.0
20151109,158537.0,159055.0,158176.0,158801.0,813551,1230992,0,0,0.0
20151110,159079.0,159596.0,158840.0,159465.0,714823,1211429,0,0,0.0
20151112,159651.0,160005.0,159565.0,159731.0,564241,1234553,0,0,0.0
20151113,159733.0,160495.0,159718.0,160334.0,604438,1205791,0,0,0.0
20151116,160714.0,160802.0,160188.0,160732.0,572723,1206562,0,0,0.0
20151117,160673.0,161139.0,160597.0,160752.0,512932,1219822,0,0,0.0
20151118,161031.0,161272.0,160760.0,161120.0,608228,1238659,0,0,0.0
20151119,161215.0,161527.0,161067.0,161457.0,584671,1257261,201603,201603,0.0
20151120,161399.0,161650.0,161261.0,161488.0,22037,115296,0,0,1850.0
20151123,161338.0,161398.0,160514.0,160700.0,43854,130251,0,0,0.0
20151124,160974.0,161398.0,160837.0,161195.0,27837,154656,0,0,0.0
20151125,161075.0,161762.0,160948.0,161690.0,37602,164134,0,0,0.0
20151127,161863.0,162247.0,161746.0,162033.0,50518,177215,0,0,0.0
20151130,161903.0,161954.0,161564.0,161700.0,93208,188368,0,0,0.0
20151201,161620.0,161974.0,161029.0,161872.0,318286,216314,0,0,0.0
20151202,161852.0,162115.0,161574.0,161811.0,618716,317747,0,0,0.0
20151203,161690.0,161974.0,158221.0,159256.0,827175,585363,0,0,0.0
20151204,158569.0,159298.0,157969.0,158771.0,935596,797002,0,0,0.0
20151207,158761.0,160247.0,158686.0,160084.0,847352,1001335,0,0,0.0
20151208,159963.0,160510.0,159797.0,160266.0,531866,1125107,0,0,0.0
20151209,160316.0,160399.0,159696.0,159832.0,508016,1119921,0,0,0.0
20151210,160124.0,160540.0,159928.0,160347.0,440376,1115698,0,0,0.0
20151211,160144.0,160934.0,160130.0,160761.0,462028,1123360,0,0,0.0
20151214,160639.0,160783.0,160080.0,160307.0,549568,1134447,0,0,0.0
20151215,160225.0,160278.0,158888.0,159055.0,723023,1126477,0,0,0.0
20151216,159215.0,159510.0,158333.0,158883.0,466285,1126788,0,0,0.0
20151217,159175.0,160065.0,159070.0,159903.0,551669,1113580,0,0,0.0
20151218,160155.0,160772.0,160070.0,160590.0,436130,1107091,0,0,0.0
20151221,160589.0,160853.0,160141.0,160600.0,277409,1129586,0,0,0.0
20151222,160539.0,160651.0,159828.0,159873.0,307792,1121674,0,0,0.0
20151223,159984.0,160126.0,159374.0,159408.0,215151,1117484,0,0,0.0
20151228,159570.0,160570.0,159445.0,160468.0,171648,1115034,0,0,0.0
20151229,160338.0,160449.0,159081.0,159448.0,275441,1118609,0,0,0.0
20151230,159267.0,159782.0,159212.0,159488.0,256671,1109233,0,0,0.0
20160104,159964.0,160519.0,159899.0,160367.0,452963,1099798,0,0,0.0
20160105,160045.0,160822.0,160020.0,160630.0,501288,1114456,0,0,0.0
20160106,160782.0,161499.0,160747.0,161276.0,504837,1136456,0,0,0.0
20160107,161539.0,161772.0,160616.0,160761.0,779519,1149039,0,0,0.0
20160108,160883.0,161429.0,160646.0,161246.0,549424,1146448,0,0,0.0
20160111,161358.0,161379.0,160727.0,160933.0,524358,1157115,0,0,0.0
20160112,160944.0,161248.0,160273.0,160973.0,721682,1153067,0,0,0.0
20160113,160924.0,161702.0,160697.0,161357.0,729316,1149546,0,0,0.0
20160114,161490.0,161914.0,161111.0,161296.0,764449,1168307,0,0,0.0
20160115,161551.0,162106.0,161414.0,161983.0,755905,1169576,0,0,0.0
20160119,161753.0,161965.0,161454.0,161761.0,575906,1174188,0,0,0.0
20160120,162147.0,162934.0,162141.0,162731.0,947225,1157980,0,0,0.0
20160121,162480.0,163540.0,162404.0,163125.0,786828,1180192,0,0,0.0
20160122,163056.0,163207.0,162616.0,162913.0,629137,1204462,0,0,0.0
20160125,162783.0,163146.0,162727.0,163024.0,438486,1178705,0,0,0.0
20160126,163338.0,163631.0,163151.0,163438.0,658061,1175627,0,0,0.0
20160127,163530.0,163853.0,163212.0,163478.0,631774,1197470,0,0,0.0
20160128,163732.0,164328.0,163525.0,163983.0,810748,1199402,0,0,0.0
20160129,164388.0,165136.0,164313.0,164973.0,948957,1169532,0,0,0.0
20160201,165075.0,165399.0,164495.0,164589.0,706484,1206487,0,0,0.0
20160202,164903.0,165379.0,164778.0,165084.0,715645,1203938,0,0,0.0
20160203,165347.0,165844.0,164899.0,165660.0,867950,1206517,0,0,0.0
20160204,165357.0,165491.0,164869.0,165145.0,817647,1211463,0,0,0.0
20160205,165428.0,165653.0,164930.0,165246.0,712455,1217984,0,0,0.0
20160208,165408.0,166693.0,165344.0,166478.0,873856,1215131,0,0,0.0
20160209,166771.0,166865.0,165728.0,166266.0,1028963,1250466,0,0,0.0
20160210,166347.0,166411.0,165768.0,166115.0,724607,1194175,0,0,0.0
20160211,166519.0,167805.0,166495.0,167236.0,1080960,1215814,0,0,0.0
20160212,166600.0,166856.0,165778.0,166024.0,715804,1212372,0,0,0.0
20160216,166125.0,166311.0,165687.0,165984.0,694807,1205026,0,0,0.0
20160217,166196.0,166271.0,165647.0,165822.0,656446,1211520,0,0,0.0
20160218,166014.0,166837.0,165869.0,166660.0,674525,1219051,201606,201606,0.0
20160219,166741.0,167069.0,166475.0,166791.0,27050,64269,0,0,-2590.0
20160222,166638.0,167161.0,166516.0,167119.0,28864,73543,0,0,0.0
20160223,167059.0,167140.0,166362.0,167047.0,35050,96743,0,0,0.0
20160224,167203.0,167827.0,167132.0,167591.0,42614,121125,0,0,0.0
20160225,167347.0,167858.0,167224.0,167755.0,16407,150558,0,0,0.0
20160226,167696.0,167735.0,167409.0,167570.0,19131,157710,0,0,0.0
20160229,167706.0,168258.0,167573.0,168216.0,83083,168989,0,0,0.0
20160301,168209.0,168207.0,167419.0,167621.0,216958,226402,0,0,0.0
20160302,167398.0,167417.0,166639.0,166790.0,485323,317613,0,0,0.0
20160303,166680.0,167438.0,166331.0,167200.0,627286,507955,0,0,0.0
20160304,167347.0,167335.0,166331.0,166441.0,689319,782727,0,0,0.0
20160307,166701.0,166986.0,166546.0,166790.0,859174,991205,0,0,0.0
20160308,166834.0,167530.0,166823.0,167416.0,728582,1181567,0,0,0.0
20160309,166988.0,167048.0,166156.0,166431.0,638887,1208862,0,0,0.0
20160310,166383.0,167643.0,164997.0,165354.0,1170334,1204927,0,0,0.0
20160311,165501.0,166166.0,165223.0,165857.0,667399,1207221,0,0,0.0
20160314,165932.0,166433.0,165459.0,165847.0,537492,1204549,0,0,0.0
20160315,165634.0,165982.0,165213.0,165365.0,581601,1209784,0,0,0.0
20160316,165408.0,166003.0,165285.0,165704.0,672951,1199295,0,0,0.0
20160317,166167.0,166690.0,166096.0,166545.0,673964,1220067,0,0,0.0
20160318,166721.0,167039.0,166558.0,166668.0,463333,1212536,0,0,0.0
20160321,166834.0,167234.0,166414.0,166647.0,546618,1212298,0,0,0.0
20160322,166701.0,167285.0,166527.0,166770.0,594136,1204800,0,0,0.0
20160323,166527.0,167162.0,166445.0,166965.0,499144,1195598,0,0,0.0
20160324,167194.0,167572.0,167061.0,167252.0,434316,1194924,0,0,0.0
20160329,167348.0,168085.0,167318.0,167786.0,459482,1216496,0,0,0.0
20160330,167933.0,168095.0,167380.0,167509.0,540365,1215598,0,0,0.0
20160331,167851.0,167890.0,167277.0,167571.0,590955,1199194,0,0,0.0
20160401,167687.0,168054.0,167492.0,167766.0,554370,1216782,0,0,0.0
20160404,168149.0,168187.0,167687.0,167992.0,450582,1229688,0,0,0.0
20160405,168159.0,168700.0,168138.0,168464.0,689531,1229472,0,0,0.0
20160406,168374.0,168546.0,167984.0,168166.0,617477,1258008,0,0,0.0
20160407,168271.0,168700.0,168087.0,168648.0,662487,1279197,0,0,0.0
20160408,168456.0,168659.0,168323.0,168474.0,409244,1305284,0,0,0.0
20160411,168682.0,168874.0,168005.0,168310.0,635439,1312347,0,0,0.0
20160412,168282.0,168279.0,167492.0,167694.0,811361,1318718,0,0,0.0
20160413,167502.0,168217.0,167410.0,168002.0,649921,1315890,0,0,0.0
20160414,168128.0,168238.0,167420.0,167745.0,659501,1345817,0,0,0.0
20160415,167594.0,168259.0,167523.0,168145.0,471150,1329867,0,0,0.0
20160418,168364.0,168433.0,167615.0,167735.0,589300,1325029,0,0,0.0
20160419,167656.0,167848.0,167338.0,167489.0,658310,1335619,0,0,0.0
20160420,167779.0,167992.0,167441.0,167940.0,551670,1343346,0,0,0.0
20160421,167471.0,167582.0,166559.0,166719.0,984561,1351666,0,0,0.0
20160422,166804.0,166905.0,166569.0,166719.0,550979,1361260,0,0,0.0
20160425,166937.0,167028.0,166118.0,166401.0,722562,1370489,0,0,0.0
20160426,166444.0,166525.0,165667.0,165837.0,733116,1382310,0,0,0.0
20160427,165859.0,166361.0,165739.0,166063.0,614207,1375457,0,0,0.0
20160428,166505.0,167018.0,166437.0,166586.0,829153,1343655,0,0,0.0
20160429,166679.0,166823.0,165780.0,166094.0,868168,1353976,0,0,0.0
20160502,166269.0,166618.0,166057.0,166073.0,299158,1362432,0,0,0.0
20160503,166248.0,167357.0,166119.0,167273.0,830401,1355000,0,0,0.0
20160504,167141.0,167326.0,166909.0,167222.0,736786,1353698,0,0,0.0
20160505,167233.0,168116.0,166971.0,167756.0,546274,1357096,0,0,0.0
20160506,168064.0,168188.0,167679.0,168084.0,597664,1361198,0,0,0.0
20160509,167777.0,168403.0,167761.0,168320.0,610386,1361198,0,0,0.0
20160510,168321.0,168629.0,168130.0,168535.0,674337,1412880,0,0,0.0
20160511,168536.0,168619.0,168243.0,168453.0,562603,1384880,0,0,0.0
20160512,168474.0,168763.0,167884.0,168084.0,737585,1331263,0,0,0.0
20160513,168217.0,168568.0,168028.0,168464.0,520184,1332774,0,0,0.0
20160516,168556.0,168547.0,168018.0,168187.0,311410,1349315,0,0,0.0
20160517,168084.0,168434.0,167751.0,168423.0,595706,1334696,0,0,0.0
20160518,168176.0,168219.0,167412.0,167889.0,714864,1352070,0,0,0.0
20160519,167458.0,167963.0,167309.0,167868.0,743616,1338693,201609,201609,0.0
20160520,167920.0,167912.0,167596.0,167735.0,16945,158253,0,0,-940.0
20160523,167827.0,168242.0,167544.0,167601.0,24565,165690,0,0,0.0
20160524,167858.0,167922.0,167596.0,167694.0,18696,179152,0,0,0.0
20160525,167693.0,168128.0,167317.0,168096.0,36696,185446,0,0,0.0
20160526,168065.0,168386.0,167771.0,168230.0,47010,198782,0,0,0.0
20160527,168251.0,168561.0,168112.0,168189.0,43142,220551,0,0,0.0
