Date,Open,High,Low,Close,Volume,OI,P,R,RINFO
20140609,80580.0,80805.0,80425.0,80777.0,25083,11034,0,0,0.0
20140610,80750.0,80985.0,80675.0,80940.0,31128,18339,0,0,0.0
20140611,80930.0,81010.0,80785.0,80903.0,43446,30907,0,0,0.0
20140612,80880.0,80940.0,80635.0,80680.0,46901,44604,0,0,0.0
20140613,80655.0,80815.0,80550.0,80751.0,35904,51089,0,0,0.0
20140616,80730.0,80815.0,80510.0,80572.0,17433,53976,0,0,0.0
20140617,80555.0,80760.0,80485.0,80716.0,10868,54140,0,0,0.0
20140618,80700.0,80970.0,80470.0,80670.0,20346,58755,0,0,0.0
20140619,80470.0,80520.0,80240.0,80396.0,25944,57761,0,0,0.0
20140620,80370.0,80575.0,80280.0,80441.0,13837,56988,0,0,0.0
20140623,80445.0,80465.0,80315.0,80338.0,9917,57614,0,0,0.0
20140624,80355.0,80505.0,80255.0,80393.0,15570,57197,0,0,0.0
20140625,80385.0,80410.0,80140.0,80265.0,27889,56898,0,0,0.0
20140626,80255.0,80440.0,80190.0,80279.0,20058,55836,0,0,0.0
20140627,80255.0,80270.0,80060.0,80086.0,16768,57414,0,0,0.0
20140630,80075.0,80125.0,79800.0,79811.0,25013,57391,0,0,0.0
20140701,79840.0,79895.0,79770.0,79845.0,18547,56796,0,0,0.0
20140702,79860.0,80025.0,79835.0,79985.0,15273,58141,0,0,0.0
20140703,79990.0,80600.0,79975.0,80281.0,2862,53641,0,0,0.0
20140707,80330.0,80405.0,80240.0,80267.0,11043,52348,0,0,0.0
20140708,80265.0,80345.0,80190.0,80221.0,7920,52316,0,0,0.0
20140709,80195.0,80275.0,80025.0,80042.0,18857,53591,0,0,0.0
20140710,80055.0,80245.0,80020.0,80170.0,13714,53637,0,0,0.0
20140711,80185.0,80280.0,80070.0,80229.0,12232,53382,0,0,0.0
20140714,80220.0,80285.0,80120.0,80230.0,8451,53260,0,0,0.0
20140715,80210.0,80470.0,80175.0,80446.0,26378,52322,0,0,0.0
20140716,80420.0,80655.0,80420.0,80625.0,16525,51077,0,0,0.0
20140717,80595.0,80665.0,80540.0,80570.0,13449,50443,0,0,0.0
20140718,80605.0,80755.0,80545.0,80595.0,21334,51195,0,0,0.0
20140721,80580.0,80665.0,80490.0,80627.0,11545,50567,0,0,0.0
20140722,80640.0,80925.0,80610.0,80865.0,32273,55880,0,0,0.0
20140723,80870.0,80920.0,80805.0,80915.0,14156,58369,0,0,0.0
20140724,80890.0,80985.0,80815.0,80962.0,24733,60414,0,0,0.0
20140725,80945.0,81200.0,80900.0,81125.0,11595,66893,0,0,0.0
20140728,81150.0,81160.0,81065.0,81120.0,15564,68141,0,0,0.0
20140729,81090.0,81340.0,81085.0,81315.0,15564,72066,0,0,0.0
20140730,81290.0,81645.0,81280.0,81516.0,30384,73460,0,0,0.0
20140731,81500.0,81660.0,81465.0,81523.0,24424,72566,0,0,0.0
20140801,81530.0,81615.0,81265.0,81377.0,34327,76577,0,0,0.0
20140804,81395.0,81460.0,81360.0,81405.0,11718,77508,0,0,0.0
20140805,81400.0,81705.0,81370.0,81611.0,24838,79148,0,0,0.0
20140806,81615.0,81775.0,81465.0,81507.0,28561,79558,0,0,0.0
20140807,81500.0,81720.0,81450.0,81605.0,27983,81958,0,0,0.0
20140808,81625.0,81670.0,81315.0,81454.0,28237,81906,0,0,0.0
20140811,81470.0,81550.0,81465.0,81535.0,8365,81835,0,0,0.0
20140812,81535.0,81745.0,81530.0,81555.0,15603,80885,0,0,0.0
20140813,81575.0,81735.0,81415.0,81657.0,21583,81460,0,0,0.0
20140814,81665.0,81760.0,81450.0,81647.0,19098,80422,0,0,0.0
20140815,81650.0,81675.0,81420.0,81469.0,23267,78193,0,0,0.0
20140818,81500.0,81660.0,81430.0,81631.0,11791,79008,0,0,0.0
20140819,81650.0,81955.0,81640.0,81937.0,24959,85429,0,0,0.0
20140820,81940.0,82330.0,81930.0,82280.0,22633,84536,0,0,0.0
20140821,82290.0,82420.0,82160.0,82208.0,17770,87782,0,0,0.0
20140822,82235.0,82510.0,82125.0,82377.0,32403,87481,0,0,0.0
20140825,82620.0,82690.0,82490.0,82593.0,12771,86785,0,0,0.0
20140826,82640.0,82735.0,82480.0,82679.0,17087,85914,0,0,0.0
20140827,82690.0,82755.0,82425.0,82449.0,20210,83449,0,0,0.0
20140828,82490.0,82625.0,82340.0,82516.0,21259,81738,0,0,0.0
20140829,82495.0,82790.0,82445.0,82783.0,20636,83852,0,0,0.0
20140901,82780.0,82835.0,82695.0,82783.0,20636,83852,0,0,0.0
20140902,82780.0,83060.0,82780.0,83010.0,7037,83852,0,0,0.0
20140903,83005.0,83075.0,82860.0,82888.0,20135,79618,0,0,0.0
20140904,82890.0,83895.0,82865.0,83834.0,48156,76171,0,0,0.0
20140905,83935.0,83965.0,83585.0,83757.0,47154,76189,201412,201412,0.0
20140908,83885.0,84405.0,83840.0,84276.0,61204,25976,0,0,95.0
20140909,84369.0,84555.0,84090.0,84325.0,64376,37423,0,0,0.0
20140910,84184.0,84485.0,84105.0,84348.0,91759,61204,0,0,0.0
20140911,84314.0,84405.0,84135.0,84364.0,82080,79256,0,0,0.0
20140912,84334.0,84475.0,84125.0,84286.0,61643,88591,0,0,0.0
20140915,84224.0,84450.0,84165.0,84303.0,17261,88782,0,0,0.0
20140916,84279.0,84400.0,83910.0,84136.0,35372,90037,0,0,0.0
20140917,84139.0,84765.0,83980.0,84391.0,66696,93689,0,0,0.0
20140918,84768.0,84805.0,84245.0,84335.0,32527,91391,0,0,0.0
20140919,84274.0,84840.0,84240.0,84770.0,37257,92051,0,0,0.0
20140922,84833.0,84880.0,84550.0,84768.0,18359,92282,0,0,0.0
20140923,84708.0,84780.0,84365.0,84684.0,24847,91948,0,0,0.0
20140924,84678.0,85125.0,84610.0,85060.0,31114,92686,0,0,0.0
20140925,85103.0,85520.0,85069.0,85208.0,39326,92408,0,0,0.0
20140926,85178.0,85730.0,85139.0,85671.0,24385,92838,0,0,0.0
20140929,85712.0,85835.0,85494.0,85620.0,22057,93312,0,0,0.0
20140930,85642.0,86240.0,85524.0,85951.0,35784,94176,0,0,0.0
20141001,85952.0,86200.0,85794.0,85980.0,39379,93129,0,0,0.0
20141002,85867.0,85925.0,85449.0,85594.0,53281,87004,0,0,0.0
20141003,85627.0,86774.0,85619.0,86726.0,55919,92197,0,0,0.0
20141006,86701.0,86749.0,85639.0,85948.0,43869,93316,0,0,0.0
20141007,85832.0,86130.0,85549.0,85682.0,42997,92443,0,0,0.0
20141008,85657.0,85935.0,85194.0,85311.0,51300,91198,0,0,0.0
20141009,85267.0,85690.0,84919.0,85559.0,56077,91379,0,0,0.0
20141010,85557.0,86010.0,85418.0,85935.0,28581,92232,0,0,0.0
20141013,85802.0,85840.0,85108.0,85631.0,21749,91534,0,0,0.0
20141014,85323.0,85910.0,85288.0,85845.0,30114,89793,0,0,0.0
20141015,85937.0,86035.0,84429.0,85146.0,118024,83871,0,0,0.0
20141016,84903.0,85436.0,84739.0,84946.0,60578,80062,0,0,0.0
20141017,84928.0,85261.0,84759.0,85118.0,26750,78879,0,0,0.0
20141020,85233.0,85376.0,84894.0,84943.0,18097,78084,0,0,0.0
20141021,85033.0,85366.0,84699.0,85309.0,32622,77033,0,0,0.0
20141022,85373.0,85801.0,85228.0,85758.0,34733,79314,0,0,0.0
20141023,85773.0,85956.0,85658.0,85850.0,20167,80100,0,0,0.0
20141024,85828.0,85921.0,85518.0,85722.0,25313,79197,0,0,0.0
20141027,85703.0,85706.0,85378.0,85465.0,22417,76696,0,0,0.0
20141028,85518.0,85656.0,85193.0,85377.0,28421,75769,0,0,0.0
20141029,85338.0,86036.0,85148.0,85939.0,36360,76417,0,0,0.0
20141030,85997.0,86491.0,85977.0,86135.0,35645,77985,0,0,0.0
20141031,86152.0,87150.0,86132.0,86918.0,66110,87732,0,0,0.0
20141103,87031.0,87445.0,87026.0,87309.0,41011,88888,0,0,0.0
20141104,87266.0,87290.0,86876.0,86994.0,33558,87972,0,0,0.0
20141105,87006.0,87625.0,86951.0,87468.0,36163,88716,0,0,0.0
20141106,87480.0,88174.0,87131.0,88034.0,56102,94098,0,0,0.0
20141107,88074.0,88219.0,87446.0,87626.0,66511,90822,0,0,0.0
20141110,87530.0,87834.0,87111.0,87811.0,36723,94165,0,0,0.0
20141111,87730.0,88059.0,87331.0,87619.0,27452,89905,0,0,0.0
20141112,87665.0,87884.0,87371.0,87806.0,32970,86505,0,0,0.0
20141113,87800.0,87864.0,87601.0,87652.0,24464,86800,0,0,0.0
20141114,87850.0,88269.0,87356.0,87493.0,55400,84356,0,0,0.0
20141117,87550.0,87959.0,87131.0,87910.0,29731,85417,0,0,0.0
20141118,87850.0,87874.0,87466.0,87545.0,27232,85179,0,0,0.0
20141119,87640.0,87754.0,87266.0,87611.0,46348,84094,0,0,0.0
20141120,87680.0,87914.0,87441.0,87567.0,38999,85099,0,0,0.0
20141121,87620.0,88383.0,87406.0,88304.0,56637,92483,0,0,0.0
20141124,88344.0,88418.0,88045.0,88105.0,27069,92122,0,0,0.0
20141125,88124.0,88303.0,87770.0,87861.0,35640,90585,0,0,0.0
20141126,87824.0,88008.0,87460.0,87548.0,7527,86845,0,0,0.0
20141127,87629.0,87928.0,87475.0,87548.0,28622,86845,0,0,0.0
20141128,88034.0,88358.0,87895.0,88311.0,27650,90302,0,0,0.0
20141201,88269.0,88408.0,87705.0,87880.0,48144,82522,0,0,0.0
20141202,87924.0,88633.0,87895.0,88600.0,45218,84912,0,0,0.0
20141203,88573.0,88963.0,88529.0,88890.0,43088,84940,0,0,0.0
20141204,88868.0,89103.0,88129.0,88632.0,78396,82350,0,0,0.0
20141205,88563.0,89398.0,88549.0,89256.0,47944,82844,201503,201503,0.0
20141208,89332.0,89503.0,88874.0,89008.0,61696,24614,0,0,185.0
20141209,89182.0,89249.0,88111.0,88652.0,88182,36075,0,0,0.0
20141210,88659.0,88790.0,88151.0,88250.0,85428,56599,0,0,0.0
20141211,87946.0,88770.0,87912.0,88649.0,118096,81857,0,0,0.0
20141212,88539.0,88625.0,88067.0,88308.0,56111,86064,0,0,0.0
20141215,88180.0,88590.0,88082.0,88395.0,37891,86217,0,0,0.0
20141216,88394.0,88455.0,87549.0,88011.0,53315,85623,0,0,0.0
20141217,87906.0,89083.0,87803.0,89037.0,61099,85857,0,0,0.0
20141218,88963.0,89332.0,88835.0,89188.0,33420,86829,0,0,0.0
20141219,89222.0,89596.0,89094.0,89551.0,28491,88363,0,0,0.0
20141222,89631.0,89701.0,89293.0,89659.0,16817,87679,0,0,0.0
20141223,89656.0,90120.0,89557.0,90035.0,26459,92047,0,0,0.0
20141224,89955.0,90030.0,89791.0,89932.0,13216,97168,0,0,0.0
20141226,89830.0,90085.0,89781.0,90019.0,6717,98394,0,0,0.0
20141229,90019.0,90319.0,89791.0,90204.0,25442,104024,0,0,0.0
20141231,89964.0,90379.0,89866.0,90355.0,45091,104024,0,0,0.0
20150102,90517.0,91201.0,90509.0,91091.0,45091,115693,0,0,0.0
20150105,91434.0,91759.0,91257.0,91327.0,43283,120669,0,0,0.0
20150106,91275.0,91639.0,91122.0,91443.0,45326,123258,0,0,0.0
20150107,91704.0,92217.0,91605.0,91819.0,44599,124074,0,0,0.0
20150108,91938.0,92466.0,91924.0,92304.0,28521,123888,0,0,0.0
20150109,92217.0,92451.0,91809.0,91850.0,45768,125577,0,0,0.0
20150112,91744.0,92237.0,91570.0,91887.0,33018,126345,0,0,0.0
20150113,91854.0,92337.0,91725.0,92204.0,34650,123548,0,0,0.0
20150114,92163.0,92342.0,91506.0,92048.0,51337,121943,0,0,0.0
20150115,92073.0,93005.0,91202.0,92310.0,81769,121371,0,0,0.0
20150116,92267.0,93269.0,92084.0,92591.0,17158,125747,0,0,0.0
20150119,92656.0,92776.0,92363.0,92591.0,17158,127344,0,0,0.0
20150120,92751.0,93090.0,92542.0,93049.0,32751,125229,0,0,0.0
20150121,93000.0,93030.0,92064.0,92841.0,56256,122448,0,0,0.0
20150122,92781.0,94465.0,92373.0,94059.0,61117,125458,0,0,0.0
20150123,94117.0,95472.0,94048.0,94748.0,58989,127243,0,0,0.0
20150126,95194.0,95547.0,94646.0,94810.0,36148,132073,0,0,0.0
20150127,95020.0,95024.0,93654.0,93948.0,58152,123214,0,0,0.0
20150128,94063.0,94600.0,93893.0,94423.0,34334,120410,0,0,0.0
20150129,94571.0,94959.0,94217.0,94706.0,49008,122456,0,0,0.0
20150130,94591.0,94834.0,94372.0,94693.0,31039,122294,0,0,0.0
20150202,94601.0,94799.0,94312.0,94430.0,23634,124261,0,0,0.0
20150203,94407.0,94625.0,93086.0,93423.0,60465,117188,0,0,0.0
20150204,93649.0,94401.0,93470.0,93863.0,29771,115256,0,0,0.0
20150205,94357.0,94366.0,93261.0,93429.0,29771,112261,0,0,0.0
20150206,93430.0,94620.0,93381.0,94546.0,49959,109828,0,0,0.0
20150209,94596.0,94735.0,94168.0,94278.0,29039,108478,0,0,0.0
20150210,94327.0,94680.0,94148.0,94548.0,33046,105242,0,0,0.0
20150211,94501.0,94929.0,94447.0,94784.0,42525,105498,0,0,0.0
20150212,94710.0,94799.0,93774.0,93897.0,42525,106174,0,0,0.0
20150213,94017.0,94116.0,93674.0,93976.0,10526,105401,0,0,0.0
20150216,93917.0,94191.0,93669.0,93977.0,10526,104724,0,0,0.0
20150217,94211.0,94241.0,93534.0,93844.0,26959,104895,0,0,0.0
20150218,93892.0,94326.0,93743.0,93954.0,25036,104722,0,0,0.0
20150219,93862.0,94236.0,93598.0,94188.0,32622,103924,0,0,0.0
20150220,94171.0,94590.0,93807.0,94036.0,49995,104120,0,0,0.0
20150223,94111.0,94725.0,94076.0,94352.0,28658,105997,0,0,0.0
20150224,94355.0,94770.0,94196.0,94256.0,38277,105928,0,0,0.0
20150225,94141.0,94177.0,93862.0,93931.0,26632,106074,0,0,0.0
20150226,93957.0,95109.0,93772.0,95028.0,36278,104655,0,0,0.0
20150227,94924.0,95139.0,94549.0,95012.0,36786,104808,0,0,0.0
20150302,95069.0,95254.0,94793.0,95170.0,24636,104981,0,0,0.0
20150303,95199.0,95294.0,94828.0,95099.0,27148,103979,0,0,0.0
20150304,95079.0,95768.0,95057.0,95675.0,71489,102736,0,0,0.0
20150305,95672.0,96311.0,95550.0,96082.0,51723,100973,201506,201506,0.0
20150306,96081.0,97422.0,96013.0,97131.0,73424,34797,0,0,565.0
20150309,97275.0,97511.0,97024.0,97297.0,71900,45401,0,0,0.0
20150310,97483.0,98383.0,97480.0,98320.0,112996,58365,0,0,0.0
20150311,98251.0,99647.0,98134.0,99463.0,190970,85211,0,0,0.0
20150312,99321.0,99741.0,98174.0,98929.0,192589,106447,0,0,0.0
20150313,98657.0,99890.0,98650.0,99813.0,122322,120916,0,0,0.0
20150316,99742.0,99821.0,98858.0,99143.0,74338,128091,0,0,0.0
20150317,99197.0,99375.0,98680.0,99052.0,45065,129333,0,0,0.0
20150318,99088.0,99231.0,93909.0,97894.0,103451,128148,0,0,0.0
20150319,96967.0,98879.0,96486.0,98690.0,88521,121098,0,0,0.0
20150320,98404.0,98577.0,96813.0,97289.0,88520,117311,0,0,0.0
20150323,96918.0,97675.0,96184.0,96425.0,75815,110639,0,0,0.0
20150324,96378.0,96798.0,95703.0,96572.0,71588,111846,0,0,0.0
20150325,96651.0,96694.0,95802.0,96325.0,43730,109104,0,0,0.0
20150326,96265.0,96927.0,95445.0,96806.0,59716,107030,0,0,0.0
20150327,96696.0,97338.0,96312.0,96645.0,57017,107115,0,0,0.0
20150330,96741.0,97502.0,96694.0,97399.0,40528,109921,0,0,0.0
20150331,97365.0,98126.0,97254.0,97776.0,46162,113799,0,0,0.0
20150401,97841.0,98096.0,97368.0,97592.0,49080,112490,0,0,0.0
20150402,97549.0,97690.0,96674.0,96797.0,29421,112090,0,0,0.0
20150406,95963.0,96590.0,95619.0,96091.0,31466,108109,0,0,0.0
20150407,96374.0,97383.0,96233.0,97176.0,40231,108743,0,0,0.0
20150408,97231.0,97547.0,96580.0,97250.0,49200,108199,0,0,0.0
20150409,97375.0,98533.0,97348.0,98503.0,53470,111385,0,0,0.0
20150410,98321.0,99083.0,98190.0,98702.0,53470,111385,0,0,0.0
20150413,98762.0,99380.0,98557.0,98872.0,57806,113289,0,0,0.0
20150414,98876.0,99098.0,97685.0,98051.0,65992,116112,0,0,0.0
20150415,98113.0,98697.0,97521.0,97640.0,76199,113291,0,0,0.0
20150416,97692.0,98048.0,96589.0,96737.0,71192,113927,0,0,0.0
20150417,97008.0,97161.0,96292.0,96829.0,57701,111597,0,0,0.0
20150420,96721.0,97434.0,96634.0,97278.0,34995,107998,0,0,0.0
20150421,97197.0,97821.0,96941.0,97323.0,38929,110965,0,0,0.0
20150422,97296.0,97479.0,96733.0,97257.0,34953,109513,0,0,0.0
20150423,97346.0,97771.0,96456.0,96579.0,47034,108603,0,0,0.0
20150424,96657.0,96874.0,96025.0,96227.0,53910,107615,0,0,0.0
20150427,96251.0,96596.0,95748.0,96070.0,40079,106165,0,0,0.0
20150428,96078.0,96239.0,95238.0,95330.0,52163,104831,0,0,0.0
20150429,95379.0,95441.0,93895.0,94466.0,101559,105777,0,0,0.0
20150430,94447.0,94693.0,93618.0,93863.0,83923,98401,0,0,0.0
20150501,94085.0,94698.0,93747.0,94587.0,53207,96768,0,0,0.0
20150504,94541.0,94931.0,94322.0,94777.0,29211,95974,0,0,0.0
20150505,94734.0,95243.0,94139.0,94346.0,48164,94440,0,0,0.0
20150506,94442.0,94500.0,93113.0,93328.0,77820,94827,0,0,0.0
20150507,93401.0,94099.0,93128.0,93897.0,43625,96451,0,0,0.0
20150508,93892.0,94332.0,93401.0,94051.0,57612,92450,0,0,0.0
20150511,94026.0,94500.0,94010.0,94245.0,27362,91045,0,0,0.0
20150512,94294.0,94406.0,93455.0,93755.0,32138,92821,0,0,0.0
20150513,93754.0,93831.0,92662.0,92801.0,40880,92224,0,0,0.0
20150514,92887.0,92989.0,92315.0,92664.0,53546,91569,0,0,0.0
20150515,92634.0,93252.0,92330.0,92342.0,41580,91141,0,0,0.0
20150518,92470.0,93485.0,92444.0,93421.0,36971,90090,0,0,0.0
20150519,93283.0,94709.0,93281.0,94505.0,62671,90454,0,0,0.0
20150520,94527.0,95086.0,94465.0,94650.0,52435,90097,0,0,0.0
20150521,94775.0,94908.0,94192.0,94472.0,39457,90926,0,0,0.0
20150522,94602.0,95503.0,94024.0,95246.0,65467,89663,0,0,0.0
20150526,95672.0,96608.0,95659.0,96531.0,62434,90504,0,0,0.0
20150527,96440.0,97014.0,96130.0,96597.0,55710,91752,0,0,0.0
20150528,96499.0,96895.0,96135.0,96186.0,64072,89140,0,0,0.0
20150529,96142.0,96409.0,95952.0,96114.0,49476,90053,0,0,0.0
20150601,96117.0,96895.0,96101.0,96597.0,50327,88964,0,0,0.0
20150602,96652.0,96746.0,94847.0,95016.0,86878,86931,0,0,0.0
20150603,95136.0,95720.0,94371.0,94650.0,75831,85976,0,0,0.0
20150604,94571.0,94778.0,93816.0,94634.0,62375,85147,0,0,0.0
20150605,94853.0,96096.0,94381.0,95494.0,74992,83952,201509,201509,0.0
20150608,95576.0,95660.0,94138.0,94394.0,16000,18624,0,0,470.0
20150609,94343.0,94693.0,93936.0,94227.0,22459,22759,0,0,0.0
20150610,94146.0,94318.0,93344.0,93713.0,41736,30366,0,0,0.0
20150611,93781.0,94708.0,93694.0,94014.0,65293,47743,0,0,0.0
20150612,94111.0,94703.0,93650.0,93916.0,83203,66431,0,0,0.0
20150615,94096.0,94353.0,93689.0,93783.0,38238,83729,0,0,0.0
20150616,93805.0,94195.0,93492.0,93941.0,35494,83796,0,0,0.0
20150617,93953.0,94284.0,92999.0,93180.0,58256,83912,0,0,0.0
20150618,93046.0,93150.0,92003.0,92934.0,52556,86343,0,0,0.0
20150619,92898.0,93402.0,92787.0,92965.0,28082,84680,0,0,0.0
20150622,92972.0,93348.0,92683.0,93205.0,30429,83221,0,0,0.0
20150623,93194.0,94576.0,93171.0,94319.0,48348,82526,0,0,0.0
20150624,94259.0,94423.0,93802.0,94095.0,36130,83060,0,0,0.0
20150625,94101.0,94393.0,93935.0,94064.0,28510,82972,0,0,0.0
20150626,94042.0,94551.0,93950.0,94324.0,34326,84338,0,0,0.0
20150629,95077.0,95375.0,93531.0,93633.0,74040,85337,0,0,0.0
20150630,93869.0,94576.0,93694.0,94334.0,40806,82257,0,0,0.0
20150701,94471.0,95237.0,94310.0,95170.0,45906,80421,0,0,0.0
20150702,95245.0,95350.0,94695.0,94954.0,40946,83572,0,0,0.0
20150706,95432.0,95547.0,94858.0,95138.0,38435,82188,0,0,0.0
20150707,95166.0,96119.0,95149.0,95729.0,50124,81552,0,0,0.0
20150708,95565.0,95764.0,94868.0,95133.0,39484,85884,0,0,0.0
20150709,95106.0,95616.0,94774.0,95445.0,32856,84540,0,0,0.0
20150710,95214.0,95281.0,94227.0,94838.0,46498,84577,0,0,0.0
20150713,94736.0,95710.0,94400.0,95653.0,46049,83259,0,0,0.0
20150714,95752.0,95892.0,94962.0,95442.0,29966,83599,0,0,0.0
20150715,95476.0,96109.0,95332.0,95930.0,42315,84656,0,0,0.0
20150716,96004.0,96578.0,95958.0,96450.0,39651,86903,0,0,0.0
20150717,96403.0,96760.0,96185.0,96630.0,27096,88907,0,0,0.0
20150720,96733.0,96967.0,96505.0,96800.0,26102,90341,0,0,0.0
20150721,96792.0,96952.0,95869.0,96075.0,43422,91662,0,0,0.0
20150722,96102.0,96602.0,95864.0,96367.0,35958,93950,0,0,0.0
20150723,96250.0,96301.0,95603.0,95878.0,41746,94339,0,0,0.0
20150724,95954.0,96409.0,95864.0,95996.0,27597,94037,0,0,0.0
20150727,96013.0,96079.0,95021.0,95265.0,48484,93723,0,0,0.0
20150728,95323.0,95749.0,95213.0,95519.0,24435,91834,0,0,0.0
20150729,95367.0,96020.0,95213.0,95730.0,32610,90782,0,0,0.0
20150730,95919.0,96553.0,95903.0,96338.0,35187,90425,0,0,0.0
20150731,96205.0,96390.0,95035.0,96087.0,60893,93325,0,0,0.0
20150803,95958.0,96360.0,95893.0,96262.0,30071,92579,0,0,0.0
20150804,96259.0,96764.0,95957.0,96664.0,37132,91509,0,0,0.0
20150805,96718.0,96991.0,96297.0,96675.0,47147,94269,0,0,0.0
20150806,96600.0,96917.0,96327.0,96548.0,26781,96285,0,0,0.0
20150807,96570.0,97080.0,96007.0,96265.0,58352,95591,0,0,0.0
20150810,96309.0,96636.0,95731.0,95854.0,34738,96080,0,0,0.0
20150811,95895.0,96311.0,95558.0,95985.0,44929,94803,0,0,0.0
20150812,95890.0,96045.0,94611.0,94959.0,68809,94126,0,0,0.0
20150813,95037.0,95517.0,94798.0,95123.0,36668,96846,0,0,0.0
20150814,95027.0,95374.0,94768.0,95194.0,41607,94384,0,0,0.0
20150817,95234.0,95635.0,95182.0,95472.0,31625,94060,0,0,0.0
20150818,95505.0,95773.0,95345.0,95723.0,25295,96346,0,0,0.0
20150819,95683.0,95778.0,95000.0,95031.0,45435,95537,0,0,0.0
20150820,95136.0,95270.0,94384.0,94670.0,47784,96165,0,0,0.0
20150821,94456.0,94496.0,93492.0,93687.0,61646,95158,0,0,0.0
20150824,93568.0,93663.0,91234.0,92061.0,142820,90107,0,0,0.0
20150825,92227.0,93431.0,92200.0,93233.0,82427,92804,0,0,0.0
20150826,92483.0,94171.0,92427.0,93812.0,81790,89249,0,0,0.0
20150827,93893.0,94748.0,93694.0,94326.0,55507,86836,0,0,0.0
20150828,94480.0,95039.0,94074.0,94802.0,46419,86055,0,0,0.0
20150831,94860.0,94945.0,94311.0,94525.0,37468,85637,0,0,0.0
20150901,94564.0,94580.0,93887.0,94123.0,53675,86805,0,0,0.0
20150902,94135.0,94659.0,94124.0,94515.0,46440,87112,0,0,0.0
20150903,94682.0,95315.0,94479.0,95086.0,56012,80273,0,0,0.0
20150904,95067.0,95276.0,94331.0,94906.0,44761,79565,201512,201512,0.0
20150908,94885.0,94941.0,94435.0,94628.0,10771,13029,0,0,275.0
20150909,94541.0,95049.0,94514.0,94610.0,35998,17425,0,0,0.0
20150910,94497.0,94842.0,93978.0,94037.0,56783,38229,0,0,0.0
20150911,94094.0,94291.0,93698.0,93788.0,49435,51750,0,0,0.0
20150914,93706.0,94050.0,93477.0,93820.0,20243,65289,0,0,0.0
20150915,93873.0,94271.0,93693.0,94187.0,22339,63939,0,0,0.0
20150916,94173.0,94428.0,93708.0,93952.0,26978,64383,0,0,0.0
20150917,93868.0,93956.0,92907.0,93097.0,49014,64946,0,0,0.0
20150918,93175.0,93961.0,92622.0,93411.0,35806,66392,0,0,0.0
20150921,93854.0,94551.0,93591.0,94432.0,36501,66119,0,0,0.0
20150922,94474.0,94989.0,94309.0,94837.0,30331,68625,0,0,0.0
20150923,94921.0,95122.0,94579.0,94601.0,40598,67345,0,0,0.0
20150924,94759.0,94876.0,93979.0,94545.0,49658,67798,0,0,0.0
20150925,94784.0,95284.0,94662.0,94825.0,43885,67699,0,0,0.0
20150928,94759.0,95077.0,94431.0,94577.0,28823,71339,0,0,0.0
20150929,94592.0,94797.0,94225.0,94391.0,28185,70796,0,0,0.0
20150930,94459.0,94974.0,94382.0,94870.0,24115,70312,0,0,0.0
20151001,94798.0,95043.0,94485.0,94719.0,20393,70872,0,0,0.0
20151002,94646.0,94920.0,93708.0,94366.0,50493,71545,0,0,0.0
20151005,94400.0,94709.0,93954.0,94634.0,23984,69773,0,0,0.0
20151006,94567.0,94689.0,93895.0,93968.0,19193,69176,0,0,0.0
20151007,93992.0,94217.0,93831.0,93985.0,21827,69478,0,0,0.0
20151008,94076.0,94143.0,93457.0,93815.0,28798,68439,0,0,0.0
20151009,93766.0,93848.0,93162.0,93300.0,31774,68486,0,0,0.0
20151012,93363.0,93376.0,93083.0,93184.0,15582,71029,0,0,0.0
20151013,93383.0,93460.0,92995.0,93209.0,21226,71309,0,0,0.0
20151014,93216.0,93234.0,92292.0,92390.0,36137,70638,0,0,0.0
20151015,92419.0,93067.0,92263.0,92855.0,33446,75383,0,0,0.0
20151016,93019.0,93244.0,92838.0,93010.0,20697,75148,0,0,0.0
20151019,93147.0,93480.0,93015.0,93369.0,19112,74860,0,0,0.0
20151020,93393.0,93421.0,93049.0,93355.0,16706,76320,0,0,0.0
20151021,93280.0,93529.0,93167.0,93482.0,16291,78940,0,0,0.0
20151022,93472.0,94911.0,93398.0,94845.0,52438,78449,0,0,0.0
20151023,94991.0,95698.0,94617.0,95621.0,46038,73959,0,0,0.0
20151026,95620.0,95649.0,95168.0,95338.0,24106,74161,0,0,0.0
20151027,95276.0,95462.0,95006.0,95374.0,27188,72297,0,0,0.0
20151028,95438.0,96283.0,94898.0,96229.0,47242,72801,0,0,0.0
20151029,96082.0,96185.0,95690.0,95740.0,35020,72769,0,0,0.0
20151030,95684.0,95841.0,95036.0,95401.0,41184,73455,0,0,0.0
20151102,95207.0,95443.0,95095.0,95385.0,16587,72994,0,0,0.0
20151103,95389.0,95964.0,95228.0,95621.0,19207,72418,0,0,0.0
20151104,95718.0,96534.0,95675.0,96394.0,29911,73291,0,0,0.0
20151105,96387.0,96623.0,96221.0,96415.0,27038,75259,0,0,0.0
20151106,96431.0,97833.0,96364.0,97605.0,49527,77214,0,0,0.0
20151109,97724.0,97794.0,97259.0,97424.0,26605,80171,0,0,0.0
20151110,97454.0,97961.0,97397.0,97733.0,23424,79080,0,0,0.0
20151111,97552.0,97700.0,97230.0,97505.0,27955,79573,0,0,0.0
20151112,97242.0,97759.0,96856.0,97066.0,44589,80326,0,0,0.0
20151113,97006.0,97666.0,96974.0,97445.0,35269,81369,0,0,0.0
20151116,97414.0,97907.0,97318.0,97879.0,31733,82222,0,0,0.0
20151117,97822.0,98192.0,97795.0,98038.0,28686,81947,0,0,0.0
20151118,98097.0,98320.0,97741.0,98082.0,32851,82954,0,0,0.0
20151119,97817.0,97882.0,97146.0,97412.0,39365,83187,0,0,0.0
20151120,97532.0,98064.0,97421.0,97963.0,30327,83378,0,0,0.0
20151123,98024.0,98418.0,97918.0,98190.0,28296,81642,0,0,0.0
20151124,98127.0,98202.0,97854.0,97929.0,23338,82088,0,0,0.0
20151125,97955.0,98581.0,97707.0,98165.0,30269,81647,0,0,0.0
20151127,98270.0,98606.0,98036.0,98404.0,14134,82671,0,0,0.0
20151130,98452.0,98709.0,98351.0,98539.0,22096,83501,0,0,0.0
20151201,98585.0,98606.0,98090.0,98175.0,26914,83583,0,0,0.0
20151202,98211.0,98891.0,98169.0,98352.0,37695,82522,0,0,0.0
20151203,98427.0,98945.0,95961.0,96006.0,125422,79972,0,0,0.0
20151204,96386.0,96993.0,96118.0,96703.0,55178,77974,0,0,0.0
20151207,96696.0,97278.0,96629.0,97024.0,29004,75310,201603,201603,0.0
20151208,97104.0,97145.0,96713.0,96826.0,12649,23768,0,0,115.0
20151209,96863.0,96894.0,95569.0,95690.0,30395,31063,0,0,0.0
20151210,95719.0,96344.0,95711.0,96297.0,47137,44924,0,0,0.0
20151211,96308.0,96428.0,95637.0,95867.0,40285,64966,0,0,0.0
20151214,96033.0,96266.0,95573.0,95913.0,25958,71113,0,0,0.0
20151215,95920.0,96620.0,95490.0,96537.0,25281,70155,0,0,0.0
20151216,96436.0,96910.0,95883.0,96140.0,47385,70388,0,0,0.0
20151217,96903.0,97598.0,96885.0,97550.0,30971,70159,0,0,0.0
20151218,97291.0,97544.0,96905.0,96971.0,29688,71165,0,0,0.0
20151221,97026.0,97117.0,96542.0,96615.0,21031,69447,0,0,0.0
20151222,96751.0,96783.0,96257.0,96492.0,17875,66247,0,0,0.0
20151223,96481.0,96930.0,96458.0,96613.0,16785,63836,0,0,0.0
20151228,96231.0,96331.0,96090.0,96203.0,10771,63963,0,0,0.0
20151229,96187.0,96744.0,96095.0,96422.0,17176,62781,0,0,0.0
20151230,96560.0,96764.0,96439.0,96600.0,9825,63057,0,0,0.0
20151231,96516.0,97108.0,96503.0,96984.0,18783,63271,0,0,0.0
20160104,97007.0,97555.0,96361.0,97203.0,39008,67589,0,0,0.0
20160105,97154.0,97977.0,97093.0,97722.0,38360,68186,0,0,0.0
20160106,97748.0,97997.0,97427.0,97496.0,29733,72681,0,0,0.0
20160107,97561.0,97638.0,96489.0,96520.0,39404,75146,0,0,0.0
20160108,96672.0,97550.0,96622.0,96841.0,40217,74042,0,0,0.0
20160111,96589.0,97231.0,96391.0,97023.0,32661,71482,0,0,0.0
20160112,97188.0,97594.0,96877.0,97259.0,27395,71353,0,0,0.0
20160113,97345.0,97648.0,97142.0,97214.0,27274,71976,0,0,0.0
20160114,97158.0,97584.0,96892.0,97388.0,39110,71538,0,0,0.0
20160115,97359.0,97451.0,96661.0,97255.0,46070,74086,0,0,0.0
20160119,97492.0,97647.0,97157.0,97271.0,24177,74160,0,0,0.0
20160120,97315.0,97514.0,96921.0,97407.0,33763,74045,0,0,0.0
20160121,97507.0,98192.0,97221.0,97362.0,68446,73872,0,0,0.0
20160122,97517.0,97922.0,97422.0,97876.0,26422,73736,0,0,0.0
20160125,97871.0,97907.0,97510.0,97635.0,16694,74262,0,0,0.0
20160126,97621.0,97755.0,97299.0,97367.0,19415,72902,0,0,0.0
20160127,97371.0,97485.0,96985.0,97191.0,30069,73394,0,0,0.0
20160128,97248.0,97406.0,96695.0,96783.0,34633,72646,0,0,0.0
20160129,96929.0,98123.0,96842.0,97876.0,54055,73253,0,0,0.0
20160201,97931.0,97995.0,97186.0,97263.0,27833,73306,0,0,0.0
20160202,97278.0,97361.0,97029.0,97130.0,19634,74220,0,0,0.0
20160203,97086.0,97214.0,95158.0,95566.0,60539,73469,0,0,0.0
20160204,95460.0,95765.0,94554.0,94767.0,48431,76739,0,0,0.0
20160205,94831.0,95593.0,94328.0,95324.0,42541,76031,0,0,0.0
20160208,95327.0,95785.0,94844.0,94859.0,31570,74958,0,0,0.0
20160209,94968.0,95146.0,93970.0,94381.0,41302,74162,0,0,0.0
20160210,94325.0,95067.0,94073.0,94226.0,35599,73097,0,0,0.0
20160211,93986.0,94212.0,93582.0,93915.0,49090,70349,0,0,0.0
20160212,93996.0,94556.0,93842.0,94272.0,27582,67302,0,0,0.0
20160216,94919.0,95293.0,94682.0,95149.0,17320,68835,0,0,0.0
20160217,95263.0,95406.0,94923.0,95075.0,14185,66955,0,0,0.0
20160218,95116.0,95391.0,94982.0,95232.0,13496,66191,0,0,0.0
20160219,95033.0,95548.0,94854.0,94882.0,17971,65927,0,0,0.0
20160222,95028.0,95897.0,95001.0,95652.0,15601,66779,0,0,0.0
20160223,95622.0,95863.0,95418.0,95747.0,14117,65522,0,0,0.0
20160224,95750.0,96202.0,95506.0,95726.0,27974,65382,0,0,0.0
20160225,95809.0,96015.0,95491.0,95547.0,15808,63252,0,0,0.0
20160226,95613.0,96555.0,95383.0,96424.0,27070,61499,0,0,0.0
20160229,96438.0,96658.0,96080.0,96467.0,19925,59103,0,0,0.0
20160301,96463.0,96850.0,96360.0,96610.0,19439,58986,0,0,0.0
20160302,96586.0,96860.0,96399.0,96472.0,14509,58050,0,0,0.0
20160303,96493.0,96624.0,95721.0,95859.0,22216,58210,0,0,0.0
20160304,95913.0,96324.0,95294.0,95606.0,33764,56767,0,0,0.0
20160307,95608.0,95980.0,95314.0,95352.0,14487,55879,201606,201606,0.0
20160308,95348.0,95548.0,95142.0,95457.0,6446,8626,0,0,75.0
20160309,95520.0,95838.0,95176.0,95411.0,19885,11620,0,0,0.0
20160310,95549.0,96692.0,94200.0,94332.0,71168,25466,0,0,0.0
20160311,94460.0,94984.0,94190.0,94437.0,34963,40364,0,0,0.0
20160314,94529.0,94964.0,94347.0,94867.0,15308,48241,0,0,0.0
20160315,94863.0,95126.0,94695.0,94870.0,12477,48524,0,0,0.0
20160316,94873.0,95308.0,93782.0,94141.0,30941,48622,0,0,0.0
20160317,94004.0,94105.0,92913.0,93038.0,30798,49339,0,0,0.0
20160318,93047.0,93447.0,92844.0,93351.0,20421,50805,0,0,0.0
20160321,93341.0,93658.0,93251.0,93532.0,12491,51914,0,0,0.0
20160322,93680.0,93992.0,93501.0,93866.0,20351,52054,0,0,0.0
20160323,93871.0,94473.0,93849.0,94278.0,14472,51257,0,0,0.0
20160324,94318.0,94615.0,94271.0,94385.0,13120,50866,0,0,0.0
20160328,94490.0,94649.0,94055.0,94156.0,10596,50168,0,0,0.0
20160329,94171.0,94462.0,93309.0,93377.0,30324,50175,0,0,0.0
20160330,93425.0,93471.0,92799.0,93056.0,27016,52070,0,0,0.0
20160331,93096.0,93270.0,92539.0,92819.0,20684,54135,0,0,0.0
20160401,92870.0,93353.0,92568.0,92858.0,28247,54721,0,0,0.0
20160404,92811.0,93088.0,92656.0,92766.0,11474,54141,0,0,0.0
20160405,92865.0,93245.0,92695.0,92877.0,21136,54572,0,0,0.0
20160406,92885.0,93328.0,92484.0,92685.0,32356,54504,0,0,0.0
20160407,92708.0,92930.0,92283.0,92747.0,26254,55800,0,0,0.0
20160408,92836.0,92959.0,92337.0,92500.0,19352,55375,0,0,0.0
20160411,92409.0,92615.0,91998.0,92196.0,20714,56558,0,0,0.0
20160412,92242.0,92649.0,91875.0,92199.0,23992,56271,0,0,0.0
20160413,92306.0,93091.0,92248.0,93001.0,26029,56911,0,0,0.0
20160414,93076.0,93459.0,92920.0,93144.0,23228,57016,0,0,0.0
20160415,93155.0,93292.0,92724.0,92926.0,16301,57691,0,0,0.0
20160418,92939.0,93066.0,92606.0,92704.0,14290,58779,0,0,0.0
20160419,92753.0,92786.0,92140.0,92201.0,17680,58837,0,0,0.0
20160420,92355.0,92825.0,92150.0,92715.0,15588,59953,0,0,0.0
20160421,92762.0,92943.0,92096.0,92816.0,44400,59294,0,0,0.0
20160422,92855.0,93429.0,92675.0,93313.0,21344,59976,0,0,0.0
20160425,93287.0,93350.0,92886.0,93039.0,15038,59680,0,0,0.0
20160426,92978.0,93031.0,92400.0,92786.0,21392,59773,0,0,0.0
20160427,92747.0,93075.0,92341.0,92613.0,26139,60980,0,0,0.0
20160428,92605.0,92830.0,91919.0,91985.0,29787,61325,0,0,0.0
20160429,91987.0,91996.0,91242.0,91325.0,32882,64254,0,0,0.0
20160502,91275.0,91353.0,90776.0,90897.0,22398,66867,0,0,0.0
20160503,90907.0,91319.0,90168.0,91204.0,31396,66536,0,0,0.0
20160504,91236.0,91643.0,91105.0,91455.0,30460,67841,0,0,0.0
20160505,91516.0,92134.0,91434.0,92037.0,18224,65834,0,0,0.0
20160506,92017.0,92227.0,91351.0,92138.0,21799,64017,0,0,0.0
20160509,92135.0,92463.0,92053.0,92366.0,14054,63413,0,0,0.0
20160510,92390.0,92600.0,92264.0,92515.0,13362,63433,0,0,0.0
20160511,92473.0,92482.0,91906.0,92047.0,18917,64055,0,0,0.0
20160512,92085.0,92428.0,92034.0,92379.0,18759,64580,0,0,0.0
20160513,92409.0,93100.0,92348.0,92835.0,23155,65475,0,0,0.0
20160516,92860.0,92933.0,92623.0,92793.0,13134,62791,0,0,0.0
20160517,92801.0,92810.0,92603.0,92835.0,2465,62791,0,0,0.0
20160518,92776.0,93477.0,92750.0,93296.0,24264,61427,0,0,0.0
20160519,93429.0,93752.0,93354.0,93523.0,22694,59733,0,0,0.0
20160520,93532.0,93708.0,93408.0,93571.0,11075,58284,0,0,0.0
20160523,93547.0,93718.0,93339.0,93446.0,11758,57487,0,0,0.0
20160524,93518.0,93909.0,93432.0,93799.0,13642,56930,0,0,0.0
20160525,93881.0,93904.0,93545.0,93567.0,11327,56241,0,0,0.0
20160526,93636.0,93654.0,93157.0,93392.0,18732,55515,0,0,0.0
20160527,93391.0,94007.0,93304.0,93724.0,18434,55126,0,0,0.0
