Date,Open,High,Low,Close,Volume,OI,P,R,RINFO
20140603,249412.5,249412.5,249412.5,249412.5,2830802,737044,0,0,0.0
20140604,249400.0,249400.0,249400.0,249400.0,2444899,720265,0,0,0.0
20140605,249425.0,249425.0,249425.0,249425.0,3000303,722768,0,0,0.0
20140606,249400.0,249413.0,249400.0,249413.0,1798399,733838,0,0,0.0
20140609,249400.0,249413.0,249400.0,249413.0,2402101,735380,0,0,0.0
20140610,249400.0,249400.0,249400.0,249400.0,1971501,741252,0,0,0.0
20140611,249400.0,249400.0,249400.0,249400.0,4249198,743668,0,0,0.0
20140612,249400.0,249400.0,249400.0,249400.0,3409496,744512,0,0,0.0
20140613,249388.0,249388.0,249388.0,249388.0,1967297,763364,0,0,0.0
20140616,249388.0,249388.0,249388.0,249388.0,3503901,775538,0,0,0.0
20140617,249375.0,249375.0,249375.0,249375.0,5090300,791478,0,0,0.0
20140618,249375.0,249375.0,249375.0,249375.0,3387300,795546,0,0,0.0
20140619,249400.0,249400.0,249400.0,249400.0,1970299,804303,0,0,0.0
20140620,249400.0,249400.0,249400.0,249400.0,1623401,800377,0,0,0.0
20140623,249400.0,249400.0,249400.0,249400.0,2158201,803461,0,0,0.0
20140624,249400.0,249400.0,249400.0,249400.0,2821699,807449,0,0,0.0
20140625,249388.0,249413.0,249388.0,249400.0,2351400,808843,0,0,0.0
20140626,249401.0,249400.0,249401.0,249400.0,1699097,810208,0,0,0.0
20140627,249414.0,249413.0,249414.0,249413.0,1461598,816259,0,0,0.0
20140630,249414.0,249413.0,249414.0,249413.0,2204400,814454,0,0,0.0
20140701,249401.0,249400.0,249401.0,249400.0,3090501,805637,0,0,0.0
20140702,249401.0,249400.0,249401.0,249400.0,3762500,816309,0,0,0.0
20140703,249401.0,249400.0,249401.0,249400.0,1315602,816309,0,0,0.0
20140707,249401.0,249400.0,249401.0,249400.0,1862299,815404,0,0,0.0
20140708,249401.0,249400.0,249401.0,249400.0,4547002,814627,0,0,0.0
20140709,249401.0,249400.0,249401.0,249400.0,3270702,815305,0,0,0.0
20140710,249414.0,249413.0,249401.0,249400.0,2332901,820179,0,0,0.0
20140711,249401.0,249413.0,249401.0,249400.0,1174400,819610,0,0,0.0
20140714,249414.0,249413.0,249414.0,249413.0,3660900,830551,0,0,0.0
20140715,249414.0,249413.0,249401.0,249413.0,2175501,833545,0,0,0.0
20140716,249414.0,249413.0,249414.0,249413.0,2794699,830904,0,0,0.0
20140717,249414.0,249413.0,249414.0,249413.0,1679399,830706,0,0,0.0
20140718,249414.0,249413.0,249414.0,249413.0,2143201,837589,0,0,0.0
20140721,249401.0,249400.0,249401.0,249400.0,2270100,841207,0,0,0.0
20140722,249414.0,249413.0,249401.0,249413.0,1280602,840882,0,0,0.0
20140723,249401.0,249400.0,249401.0,249400.0,2127699,844011,0,0,0.0
20140724,249414.0,249413.0,249414.0,249413.0,1984800,843749,0,0,0.0
20140725,249401.0,249400.0,249401.0,249400.0,1459499,841170,0,0,0.0
20140728,249414.0,249413.0,249414.0,249413.0,2143802,848884,0,0,0.0
20140729,249414.0,249413.0,249414.0,249413.0,5254301,823929,0,0,0.0
20140730,249401.0,249400.0,249401.0,249400.0,3617100,818024,0,0,0.0
20140731,249401.0,249400.0,249401.0,249400.0,4775303,843416,0,0,0.0
20140801,249414.0,249413.0,249414.0,249413.0,2264499,838758,0,0,0.0
20140804,249401.0,249400.0,249401.0,249400.0,1986099,842592,0,0,0.0
20140805,249414.0,249413.0,249414.0,249413.0,2267798,841048,0,0,0.0
20140806,249414.0,249413.0,249414.0,249413.0,2355597,847127,0,0,0.0
20140807,249401.0,249400.0,249401.0,249400.0,2906200,838014,0,0,0.0
20140808,249414.0,249413.0,249414.0,249413.0,1290197,835141,0,0,0.0
20140811,249414.0,249413.0,249414.0,249413.0,2086202,838395,0,0,0.0
20140812,249414.0,249413.0,249414.0,249413.0,2612501,834054,0,0,0.0
20140813,249414.0,249413.0,249414.0,249413.0,2624100,835655,0,0,0.0
20140814,249414.0,249413.0,249414.0,249413.0,3047998,852062,0,0,0.0
20140815,249414.0,249413.0,249414.0,249413.0,1368399,845091,0,0,0.0
20140818,249414.0,249413.0,249414.0,249413.0,1518700,829142,0,0,0.0
20140819,249414.0,249413.0,249414.0,249413.0,2609995,826734,0,0,0.0
20140820,249414.0,249413.0,249414.0,249413.0,2097500,811348,0,0,0.0
20140821,249414.0,249413.0,249414.0,249413.0,2682500,807221,201412,201412,0.0
20140822,249401.0,249400.0,249401.0,249400.0,1520200,900201,0,0,-50.0
20140825,249401.0,249400.0,249401.0,249400.0,1911800,899407,0,0,0.0
20140826,249401.0,249400.0,249401.0,249400.0,1649199,896721,0,0,0.0
20140827,249401.0,249400.0,249401.0,249400.0,2005603,892933,0,0,0.0
20140828,249401.0,249400.0,249401.0,249400.0,1561899,893766,0,0,0.0
20140829,249414.0,249413.0,249414.0,249413.0,2277101,893766,0,0,0.0
20140902,249414.0,249413.0,249414.0,249413.0,2277101,893766,0,0,0.0
20140903,249414.0,249413.0,249414.0,249413.0,2951598,889557,0,0,0.0
20140904,249427.0,249426.0,249427.0,249426.0,4586102,895098,0,0,0.0
20140905,249427.0,249426.0,249427.0,249426.0,2214099,904512,0,0,0.0
20140908,249427.0,249426.0,249427.0,249426.0,2868599,913455,0,0,0.0
20140909,249402.0,249401.0,249402.0,249401.0,2873201,895225,0,0,0.0
20140910,249389.0,249401.0,249389.0,249401.0,2967101,902636,0,0,0.0
20140911,249414.0,249414.0,249402.0,249401.0,3452100,911646,0,0,0.0
20140912,249414.0,249414.0,249415.0,249414.0,2367999,945622,0,0,0.0
20140915,249414.0,249414.0,249415.0,249414.0,3428604,958546,0,0,0.0
20140916,249401.0,249401.0,249402.0,249401.0,6744102,968805,0,0,0.0
20140917,249401.0,249426.0,249402.0,249414.0,4210400,961779,0,0,0.0
20140918,249414.0,249413.0,249415.0,249414.0,2451900,970908,0,0,0.0
20140919,249427.0,249426.0,249428.0,249427.0,2839001,961617,0,0,0.0
20140922,249414.0,249413.0,249415.0,249414.0,2216498,968420,0,0,0.0
20140923,249427.0,249426.0,249428.0,249427.0,1672298,967226,0,0,0.0
20140924,249427.0,249426.0,249428.0,249427.0,1923199,962185,0,0,0.0
20140925,249427.0,249426.0,249428.0,249427.0,4930403,960562,0,0,0.0
20140926,249440.0,249439.0,249441.0,249440.0,3138003,969483,0,0,0.0
20140929,249440.0,249439.0,249441.0,249440.0,3618803,958785,0,0,0.0
20140930,249440.0,249439.0,249441.0,249440.0,5491300,949074,0,0,0.0
20141001,249465.0,249464.0,249466.0,249465.0,3976598,928752,0,0,0.0
20141002,249465.0,249464.0,249466.0,249465.0,4418101,923013,0,0,0.0
20141003,249452.0,249451.0,249453.0,249452.0,2544100,923098,0,0,0.0
20141006,249452.0,249451.0,249453.0,249452.0,3420800,924025,0,0,0.0
20141007,249452.0,249451.0,249453.0,249452.0,5928400,925043,0,0,0.0
20141008,249465.0,249464.0,249453.0,249465.0,5362502,899098,0,0,0.0
20141009,249490.0,249489.0,249478.0,249478.0,2430207,879381,0,0,0.0
20141010,249465.0,249464.0,249465.0,249465.0,2029799,882784,0,0,0.0
20141013,249465.0,249464.0,249465.0,249465.0,5053299,879370,0,0,0.0
20141014,249465.0,249464.0,249465.0,249465.0,9999901,860115,0,0,0.0
20141015,249465.0,249464.0,249465.0,249465.0,6164202,868186,0,0,0.0
20141016,249440.0,249439.0,249427.0,249440.0,2839301,859408,0,0,0.0
20141017,249440.0,249439.0,249440.0,249440.0,2528500,854261,0,0,0.0
20141020,249453.0,249452.0,249453.0,249453.0,2827300,848553,0,0,0.0
20141021,249453.0,249452.0,249453.0,249453.0,2178499,843316,0,0,0.0
20141022,249466.0,249465.0,249440.0,249453.0,2461196,844491,0,0,0.0
20141023,249453.0,249452.0,249453.0,249453.0,2171203,851744,0,0,0.0
20141024,249453.0,249452.0,249453.0,249453.0,1517599,863013,0,0,0.0
20141027,249453.0,249452.0,249453.0,249453.0,2370301,861741,0,0,0.0
20141028,249453.0,249452.0,249453.0,249453.0,3552798,854220,0,0,0.0
20141029,249466.0,249465.0,249466.0,249466.0,2503701,862902,0,0,0.0
20141030,249453.0,249452.0,249453.0,249453.0,1957002,860475,0,0,0.0
20141031,249466.0,249465.0,249453.0,249453.0,1808600,856879,0,0,0.0
20141103,249453.0,249452.0,249453.0,249453.0,1406801,853918,0,0,0.0
20141104,249466.0,249465.0,249466.0,249466.0,1550000,849244,0,0,0.0
20141105,249453.0,249452.0,249453.0,249453.0,1813400,837348,0,0,0.0
20141106,249453.0,249452.0,249453.0,249453.0,3821200,837585,0,0,0.0
20141107,249453.0,249452.0,249453.0,249453.0,1802300,826348,0,0,0.0
20141110,249453.0,249452.0,249453.0,249453.0,445779,829865,0,0,0.0
20141111,249453.0,249452.0,249453.0,249453.0,1680700,829554,0,0,0.0
20141112,249453.0,249452.0,249453.0,249453.0,1789400,831037,0,0,0.0
20141113,249466.0,249465.0,249453.0,249453.0,1927400,831622,0,0,0.0
20141114,249453.0,249452.0,249453.0,249453.0,2025400,833765,0,0,0.0
20141117,249453.0,249452.0,249453.0,249453.0,1320498,839690,0,0,0.0
20141118,249466.0,249465.0,249453.0,249453.0,2481299,836845,0,0,0.0
20141119,249453.0,249452.0,249453.0,249453.0,2608301,801820,0,0,0.0
20141120,249453.0,249452.0,249453.0,249453.0,1226502,799592,201503,201503,0.0
20141121,249453.0,249452.0,249453.0,249453.0,1174901,1338142,0,0,-50.0
20141124,249440.0,249439.0,249440.0,249440.0,2004002,1335809,0,0,0.0
20141125,249453.0,249452.0,249453.0,249453.0,1853699,1349608,0,0,0.0
20141126,249453.0,249452.0,249453.0,249453.0,1076599,1349608,0,0,0.0
20141128,249466.0,249465.0,249466.0,249466.0,2853301,1362759,0,0,0.0
20141201,249466.0,249465.0,249466.0,249466.0,2750101,1373928,0,0,0.0
20141202,249453.0,249452.0,249453.0,249453.0,3232600,1365436,0,0,0.0
20141203,249453.0,249452.0,249453.0,249453.0,1892500,1364952,0,0,0.0
20141204,249453.0,249452.0,249453.0,249453.0,5853300,1353891,0,0,0.0
20141205,249415.0,249414.0,249415.0,249415.0,3607500,1400142,0,0,0.0
20141208,249402.0,249401.0,249402.0,249402.0,5350401,1390333,0,0,0.0
20141209,249389.0,249414.0,249389.0,249389.0,2616601,1261039,0,0,0.0
20141210,249402.0,249401.0,249402.0,249402.0,3686700,1258649,0,0,0.0
20141211,249389.0,249388.0,249364.0,249377.0,4363001,1277364,0,0,0.0
20141212,249376.0,249375.0,249377.0,249377.0,3395600,1194821,0,0,0.0
20141215,249363.0,249362.0,249364.0,249364.0,4214598,1184106,0,0,0.0
20141216,249363.0,249362.0,249364.0,249364.0,5793999,1149096,0,0,0.0
20141217,249363.0,249400.0,249364.0,249364.0,3446398,1143194,0,0,0.0
20141218,249363.0,249362.0,249351.0,249364.0,2190301,1116163,0,0,0.0
20141219,249363.0,249362.0,249364.0,249364.0,1449504,1100746,0,0,0.0
20141222,249376.0,249375.0,249377.0,249377.0,1864898,1112942,0,0,0.0
20141223,249376.0,249375.0,249377.0,249377.0,698309,1116870,0,0,0.0
20141224,249376.0,249375.0,249377.0,249377.0,286320,1116870,0,0,0.0
20141226,249376.0,249375.0,249377.0,249377.0,996721,1107003,0,0,0.0
20141229,249389.0,249388.0,249390.0,249390.0,550782,1085827,0,0,0.0
20141231,249389.0,249388.0,249390.0,249390.0,1778600,1085827,0,0,0.0
20150102,249389.0,249388.0,249390.0,249390.0,2205900,1086678,0,0,0.0
20150105,249389.0,249388.0,249390.0,249390.0,4535900,1103788,0,0,0.0
20150106,249402.0,249401.0,249403.0,249403.0,3270501,1106176,0,0,0.0
20150107,249415.0,249414.0,249416.0,249416.0,2616203,1110900,0,0,0.0
20150108,249402.0,249414.0,249403.0,249416.0,4587601,1103087,0,0,0.0
20150109,249427.0,249427.0,249428.0,249429.0,2066300,1099618,0,0,0.0
20150112,249427.0,249427.0,249428.0,249429.0,3198395,1101135,0,0,0.0
20150113,249427.0,249427.0,249428.0,249429.0,4357000,1130292,0,0,0.0
20150114,249440.0,249440.0,249441.0,249442.0,4230505,1162804,0,0,0.0
20150115,249453.0,249453.0,249454.0,249455.0,3485400,1173016,0,0,0.0
20150116,249440.0,249440.0,249441.0,249442.0,2566906,1173016,0,0,0.0
20150120,249440.0,249440.0,249441.0,249442.0,2727494,1162152,0,0,0.0
20150121,249427.0,249427.0,249428.0,249429.0,2957299,1157478,0,0,0.0
20150122,249427.0,249427.0,249428.0,249429.0,2255600,1156877,0,0,0.0
20150123,249427.0,249427.0,249428.0,249429.0,1771095,1153545,0,0,0.0
20150126,249414.0,249414.0,249415.0,249416.0,2095498,1141672,0,0,0.0
20150127,249427.0,249427.0,249428.0,249429.0,3308502,1152531,0,0,0.0
20150128,249440.0,249440.0,249441.0,249442.0,2267902,1140596,0,0,0.0
20150129,249427.0,249427.0,249428.0,249429.0,3031697,1138772,0,0,0.0
20150130,249427.0,249427.0,249428.0,249429.0,2052500,1164651,0,0,0.0
20150202,249414.0,249414.0,249415.0,249416.0,2382598,1156002,0,0,0.0
20150203,249427.0,249427.0,249428.0,249429.0,3117702,1174125,0,0,0.0
20150204,249427.0,249427.0,249428.0,249429.0,2060099,1160599,0,0,0.0
20150205,249414.0,249414.0,249415.0,249416.0,6585104,1184287,0,0,0.0
20150206,249401.0,249401.0,249390.0,249403.0,2433802,1186389,0,0,0.0
20150209,249401.0,249401.0,249403.0,249403.0,2589001,1198073,0,0,0.0
20150210,249401.0,249401.0,249403.0,249403.0,1646300,1185128,0,0,0.0
20150211,249401.0,249401.0,249403.0,249403.0,2455099,1189559,0,0,0.0
20150212,249414.0,249414.0,249416.0,249416.0,2012899,1178792,0,0,0.0
20150213,249414.0,249414.0,249416.0,249416.0,3066702,1184465,0,0,0.0
20150217,249401.0,249401.0,249403.0,249403.0,3573203,1189369,0,0,0.0
20150218,249388.0,249388.0,249390.0,249390.0,2496302,1173218,0,0,0.0
20150219,249401.0,249401.0,249403.0,249403.0,2398499,1143389,201506,201506,0.0
20150220,249388.0,249388.0,249390.0,249390.0,1519098,1144455,0,0,-312.5
20150223,249401.0,249401.0,249403.0,249403.0,3754700,1123982,0,0,0.0
20150224,249489.0,249489.0,249491.0,249491.0,2307305,1117716,0,0,0.0
20150225,249476.0,249476.0,249478.0,249478.0,3396899,1134093,0,0,0.0
20150226,249476.0,249476.0,249478.0,249478.0,2298900,1131858,0,0,0.0
20150227,249451.0,249451.0,249453.0,249453.0,2003596,1134605,0,0,0.0
20150302,249464.0,249464.0,249466.0,249466.0,2372499,1133150,0,0,0.0
20150303,249451.0,249451.0,249453.0,249453.0,2021198,1137056,0,0,0.0
20150304,249464.0,249464.0,249466.0,249466.0,2170210,1141049,0,0,0.0
20150305,249464.0,249464.0,249466.0,249466.0,5085703,1137786,0,0,0.0
20150306,249477.0,249477.0,249378.0,249416.0,1692099,1167072,0,0,0.0
20150309,249414.0,249414.0,249416.0,249416.0,44040,1187266,0,0,0.0
20150310,249427.0,249427.0,249429.0,249429.0,2348702,1181450,0,0,0.0
20150311,249414.0,249414.0,249416.0,249416.0,3353901,1198027,0,0,0.0
20150312,249427.0,249464.0,249429.0,249454.0,2257302,1205097,0,0,0.0
20150313,249452.0,249451.0,249454.0,249454.0,2431903,1215491,0,0,0.0
20150316,249465.0,249464.0,249467.0,249467.0,2506324,1241784,0,0,0.0
20150317,249440.0,249439.0,249429.0,249442.0,5836301,1265699,0,0,0.0
20150318,249440.0,249564.0,249442.0,249555.0,4418197,1229007,0,0,0.0
20150319,249503.0,249501.0,249505.0,249505.0,1758304,1289479,0,0,0.0
20150320,249541.0,249539.0,249543.0,249543.0,1685700,1336133,0,0,0.0
20150323,249541.0,249539.0,249543.0,249543.0,1654095,1332704,0,0,0.0
20150324,249554.0,249552.0,249543.0,249556.0,1647394,1289906,0,0,0.0
20150325,249579.0,249577.0,249581.0,249581.0,2632402,1279566,0,0,0.0
20150326,249566.0,249564.0,249568.0,249568.0,1510204,1276916,0,0,0.0
20150327,249566.0,249564.0,249568.0,249568.0,1427501,1289980,0,0,0.0
20150330,249579.0,249577.0,249581.0,249581.0,1671701,1272747,0,0,0.0
20150331,249592.0,249590.0,249594.0,249594.0,1798501,1299424,0,0,0.0
20150401,249592.0,249590.0,249594.0,249594.0,1482500,1260358,0,0,0.0
20150402,249605.0,249603.0,249607.0,249607.0,1095303,1285010,0,0,0.0
20150406,249643.0,249641.0,249645.0,249645.0,1675801,1314749,0,0,0.0
20150407,249630.0,249628.0,249632.0,249632.0,1697401,1296120,0,0,0.0
20150408,249643.0,249641.0,249645.0,249645.0,1566603,1323456,0,0,0.0
20150409,249618.0,249616.0,249620.0,249620.0,1062303,1290572,0,0,0.0
20150410,249618.0,249616.0,249620.0,249620.0,1062303,1290572,0,0,0.0
20150413,249630.0,249641.0,249608.0,249632.0,127474,1296612,0,0,0.0
20150414,249630.0,249653.0,249620.0,249645.0,128811,1296508,0,0,0.0
20150415,249643.0,249653.0,249645.0,249657.0,44545,1330758,0,0,0.0
20150416,249643.0,249653.0,249645.0,249657.0,74630,1294025,0,0,0.0
20150417,249643.0,249653.0,249645.0,249657.0,135559,1330799,0,0,0.0
20150420,249643.0,249666.0,249632.0,249657.0,257703,1285062,0,0,0.0
20150421,249643.0,249666.0,249632.0,249657.0,166330,1296091,0,0,0.0
20150422,249668.0,249666.0,249632.0,249657.0,86069,1261568,0,0,0.0
20150423,249643.0,249653.0,249632.0,249657.0,76103,1318638,0,0,0.0
20150424,249655.0,249653.0,249632.0,249657.0,108708,1285296,0,0,0.0
20150427,249655.0,249666.0,249645.0,249657.0,78487,1314716,0,0,0.0
20150428,249655.0,249653.0,249645.0,249657.0,99612,1294268,0,0,0.0
20150429,249643.0,249653.0,249632.0,249657.0,159717,1323595,0,0,0.0
20150430,249643.0,249666.0,249632.0,249645.0,219921,1259873,0,0,0.0
20150501,249643.0,249653.0,249632.0,249645.0,86114,1262368,0,0,0.0
20150504,249655.0,249653.0,249632.0,249645.0,75090,1249727,0,0,0.0
20150505,249643.0,249653.0,249632.0,249645.0,115990,1255313,0,0,0.0
20150506,249643.0,249666.0,249632.0,249657.0,205604,1246076,0,0,0.0
20150507,249655.0,249679.0,249657.0,249670.0,186986,1213764,0,0,0.0
20150508,249668.0,249703.0,249645.0,249683.0,237304,1198365,0,0,0.0
20150511,249693.0,249703.0,249683.0,249683.0,100199,1147581,0,0,0.0
20150512,249681.0,249691.0,249683.0,249683.0,96383,1162234,0,0,0.0
20150513,249693.0,249703.0,249683.0,249695.0,92035,1140225,0,0,0.0
20150514,249705.0,249716.0,249695.0,249707.0,119235,1159070,0,0,0.0
20150515,249718.0,249716.0,249707.0,249707.0,109642,1127209,0,0,0.0
20150518,249712.0,249716.0,249707.0,249707.0,87727,1141851,0,0,0.0
20150519,249712.0,249710.0,249695.0,249701.0,149527,1107635,0,0,0.0
20150520,249699.0,249697.0,249683.0,249695.0,204758,1124431,0,0,0.0
20150521,249693.0,249697.0,249683.0,249695.0,108218,1102465,201509,201509,0.0
20150522,249700.0,249698.0,249626.0,249639.0,121540,1109383,0,0,-269.0
20150526,249637.0,249647.0,249602.0,249639.0,116159,1117716,0,0,0.0
20150527,249637.0,249635.0,249614.0,249639.0,93069,1121355,0,0,0.0
20150528,249637.0,249660.0,249626.0,249651.0,108365,1127895,0,0,0.0
20150529,249662.0,249698.0,249651.0,249689.0,137682,1132094,0,0,0.0
20150601,249687.0,249698.0,249651.0,249664.0,131044,1129488,0,0,0.0
20150602,249662.0,249673.0,249639.0,249677.0,135389,1125545,0,0,0.0
20150603,249662.0,249673.0,249651.0,249651.0,120657,1123489,0,0,0.0
20150604,249649.0,249673.0,249639.0,249651.0,183574,1121611,0,0,0.0
20150605,249649.0,249673.0,249564.0,249589.0,291752,1127607,0,0,0.0
20150608,249587.0,249622.0,249577.0,249614.0,136961,1171148,0,0,0.0
20150609,249612.0,249622.0,249589.0,249602.0,152594,1171633,0,0,0.0
20150610,249587.0,249610.0,249577.0,249589.0,108866,1167590,0,0,0.0
20150611,249587.0,249585.0,249551.0,249577.0,227766,1157463,0,0,0.0
20150612,249562.0,249585.0,249551.0,249564.0,188365,1141885,0,0,0.0
20150615,249575.0,249598.0,249564.0,249577.0,178206,1166480,0,0,0.0
20150616,249575.0,249610.0,249577.0,249602.0,146869,1163470,0,0,0.0
20150617,249600.0,249722.0,249527.0,249677.0,457340,1184301,0,0,0.0
20150618,249700.0,249735.0,249689.0,249702.0,224368,1166796,0,0,0.0
20150619,249724.0,249748.0,249714.0,249739.0,132340,1156042,0,0,0.0
20150622,249750.0,249748.0,249714.0,249739.0,110070,1154431,0,0,0.0
20150623,249737.0,249748.0,249702.0,249714.0,122735,1161023,0,0,0.0
20150624,249712.0,249748.0,249702.0,249726.0,143773,1159286,0,0,0.0
20150625,249750.0,249748.0,249714.0,249726.0,104541,1145634,0,0,0.0
20150626,249737.0,249735.0,249714.0,249726.0,88489,1149600,0,0,0.0
20150629,249737.0,249822.0,249739.0,249764.0,264695,1140420,0,0,0.0
20150630,249762.0,249785.0,249739.0,249777.0,166991,1167638,0,0,0.0
20150701,249762.0,249773.0,249726.0,249752.0,140307,1170126,0,0,0.0
20150702,249737.0,249810.0,249726.0,249789.0,249729,1188812,0,0,0.0
20150706,249862.0,249885.0,249801.0,249826.0,142194,1190251,0,0,0.0
20150707,249824.0,249848.0,249814.0,249839.0,202928,1202741,0,0,0.0
20150708,249812.0,249873.0,249814.0,249877.0,216923,1206188,0,0,0.0
20150709,249862.0,249860.0,249826.0,249826.0,175175,1213594,0,0,0.0
20150710,249824.0,249822.0,249777.0,249777.0,214701,1228015,0,0,0.0
20150713,249799.0,249822.0,249739.0,249777.0,157754,1199370,0,0,0.0
20150714,249762.0,249822.0,249752.0,249814.0,153339,1187977,0,0,0.0
20150715,249799.0,249810.0,249777.0,249801.0,166471,1193880,0,0,0.0
20150716,249799.0,249797.0,249764.0,249789.0,93489,1199792,0,0,0.0
20150717,249787.0,249797.0,249752.0,249777.0,131111,1205583,0,0,0.0
20150720,249775.0,249773.0,249714.0,249726.0,194057,1220087,0,0,0.0
20150721,249724.0,249748.0,249714.0,249739.0,118241,1212052,0,0,0.0
20150722,249750.0,249760.0,249739.0,249752.0,123860,1205022,0,0,0.0
20150723,249737.0,249760.0,249726.0,249764.0,116811,1211677,0,0,0.0
20150724,249762.0,249785.0,249752.0,249764.0,138743,1219560,0,0,0.0
20150727,249762.0,249785.0,249764.0,249764.0,95310,1217193,0,0,0.0
20150728,249762.0,249773.0,249739.0,249752.0,138146,1216112,0,0,0.0
20150729,249750.0,249785.0,249739.0,249752.0,212660,1215593,0,0,0.0
20150730,249750.0,249748.0,249689.0,249714.0,232943,1199048,0,0,0.0
20150731,249700.0,249810.0,249677.0,249777.0,386124,1167489,0,0,0.0
20150803,249775.0,249785.0,249764.0,249777.0,111263,1176223,0,0,0.0
20150804,249775.0,249797.0,249689.0,249714.0,204691,1182545,0,0,0.0
20150805,249700.0,249735.0,249677.0,249689.0,242679,1213320,0,0,0.0
20150806,249700.0,249722.0,249689.0,249702.0,127105,1213161,0,0,0.0
20150807,249700.0,249735.0,249639.0,249677.0,362065,1180312,0,0,0.0
20150810,249687.0,249698.0,249651.0,249689.0,132638,1146519,0,0,0.0
20150811,249687.0,249760.0,249689.0,249752.0,228585,1156003,0,0,0.0
20150812,249750.0,249810.0,249752.0,249777.0,270109,1153012,0,0,0.0
20150813,249762.0,249773.0,249726.0,249739.0,155651,1155977,0,0,0.0
20150814,249724.0,249735.0,249702.0,249714.0,111416,1140683,0,0,0.0
20150817,249724.0,249741.0,249714.0,249739.0,131266,1129472,0,0,0.0
20150818,249737.0,249748.0,249726.0,249739.0,163981,1136333,0,0,0.0
20150819,249731.0,249816.0,249726.0,249808.0,309516,1157596,0,0,0.0
20150820,249799.0,249822.0,249783.0,249808.0,188274,1138820,201512,201512,0.0
20150821,249812.0,249873.0,249801.0,249852.0,251725,1447591,0,0,-350.0
20150824,249875.0,250011.0,249864.0,250002.0,621566,1462768,0,0,0.0
20150825,250013.0,250011.0,249914.0,249940.0,339114,1407423,0,0,0.0
20150826,250000.0,250011.0,249914.0,249977.0,360921,1411623,0,0,0.0
20150827,249963.0,249973.0,249901.0,249940.0,260184,1422757,0,0,0.0
20150828,249926.0,249936.0,249839.0,249865.0,343819,1417993,0,0,0.0
20150831,249863.0,249886.0,249826.0,249840.0,194289,1410910,0,0,0.0
20150901,249825.0,249886.0,249826.0,249878.0,281563,1377356,0,0,0.0
20150902,249876.0,249886.0,249826.0,249878.0,339549,1344065,0,0,0.0
20150903,249876.0,249898.0,249852.0,249865.0,202379,1316560,0,0,0.0
20150904,249851.0,249961.0,249789.0,249865.0,309827,1302320,0,0,0.0
20150908,249838.0,249874.0,249826.0,249853.0,209888,1287761,0,0,0.0
20150909,249863.0,249861.0,249826.0,249853.0,312089,1298918,0,0,0.0
20150910,249863.0,249886.0,249839.0,249853.0,187442,1293764,0,0,0.0
20150911,249838.0,249874.0,249839.0,249865.0,197339,1314086,0,0,0.0
20150914,249851.0,249874.0,249852.0,249853.0,206097,1328885,0,0,0.0
20150915,249851.0,249861.0,249764.0,249790.0,325690,1334080,0,0,0.0
20150916,249776.0,249811.0,249752.0,249765.0,390579,1344824,0,0,0.0
20150917,249751.0,249987.0,249739.0,249941.0,548696,1302220,0,0,0.0
20150918,249976.0,250025.0,249965.0,250016.0,261929,1340258,0,0,0.0
20150921,250014.0,250012.0,249965.0,249978.0,204969,1304408,0,0,0.0
20150922,249976.0,250037.0,249965.0,250029.0,294318,1289498,0,0,0.0
20150923,250027.0,250050.0,250002.0,250003.0,105845,1266813,0,0,0.0
20150924,250001.0,250037.0,249990.0,250016.0,184334,1244630,0,0,0.0
20150925,249964.0,249999.0,249915.0,249978.0,280026,1243290,0,0,0.0
20150928,249976.0,250025.0,249965.0,250029.0,176511,1214238,0,0,0.0
20150929,250014.0,250037.0,249990.0,250041.0,150716,1200362,0,0,0.0
20150930,250039.0,250037.0,249990.0,250003.0,178996,1199886,0,0,0.0
20151001,250014.0,250012.0,249990.0,250003.0,174663,1203575,0,0,0.0
20151002,249989.0,250138.0,249965.0,250091.0,453278,1237142,0,0,0.0
20151005,250089.0,250101.0,250053.0,250066.0,116244,1214676,0,0,0.0
20151006,250064.0,250101.0,250053.0,250078.0,123312,1213277,0,0,0.0
20151007,250089.0,250088.0,250040.0,250054.0,161095,1199959,0,0,0.0
20151008,250052.0,250075.0,250015.0,250066.0,252283,1201983,0,0,0.0
20151009,250052.0,250075.0,250040.0,250066.0,116878,1234855,0,0,0.0
20151012,250064.0,250063.0,250040.0,250054.0,32173,1231523,0,0,0.0
20151013,250064.0,250101.0,250053.0,250078.0,171629,1236964,0,0,0.0
20151014,250089.0,250150.0,250077.0,250141.0,315280,1223949,0,0,0.0
20151015,250139.0,250150.0,250103.0,250116.0,217372,1246501,0,0,0.0
20151016,250127.0,250126.0,250103.0,250104.0,93176,1246921,0,0,0.0
20151019,250114.0,250126.0,250103.0,250116.0,115485,1274190,0,0,0.0
20151020,250127.0,250138.0,250090.0,250091.0,146745,1268718,0,0,0.0
20151021,250089.0,250113.0,250090.0,250104.0,85014,1273179,0,0,0.0
20151022,250102.0,250126.0,250090.0,250104.0,200103,1270525,0,0,0.0
20151023,250102.0,250101.0,250053.0,250091.0,237044,1286459,0,0,0.0
20151026,250076.0,250088.0,250065.0,250078.0,87129,1311830,0,0,0.0
20151027,250076.0,250113.0,250077.0,250104.0,185178,1321535,0,0,0.0
20151028,250102.0,250101.0,250002.0,250016.0,423461,1309777,0,0,0.0
20151029,250001.0,250038.0,250002.0,250016.0,229887,1347049,0,0,0.0
20151030,250014.0,250038.0,250002.0,250029.0,175543,1342102,0,0,0.0
20151102,250027.0,250038.0,250002.0,250016.0,137805,1342958,0,0,0.0
20151103,250014.0,250026.0,250002.0,250003.0,82376,1340825,0,0,0.0
20151104,250014.0,250038.0,249965.0,249991.0,348785,1336728,0,0,0.0
20151105,249989.0,250013.0,249977.0,250003.0,209159,1334357,0,0,0.0
20151106,250001.0,250013.0,249890.0,249929.0,350650,1332971,0,0,0.0
20151109,249927.0,249938.0,249915.0,249929.0,166245,1324998,0,0,0.0
20151110,249939.0,249951.0,249928.0,249954.0,103629,1315616,0,0,0.0
20151111,249952.0,249951.0,249940.0,249941.0,25495,1308745,0,0,0.0
20151112,249952.0,249951.0,249928.0,249941.0,156331,1308683,0,0,0.0
20151113,249939.0,249963.0,249928.0,249954.0,135812,1295825,0,0,0.0
20151116,249976.0,250000.0,249940.0,249947.0,195003,1284841,0,0,0.0
20151117,249945.0,249944.0,249928.0,249941.0,171498,1269236,0,0,0.0
20151118,249939.0,249944.0,249921.0,249941.0,125126,1253860,0,0,0.0
20151119,249933.0,249938.0,249915.0,249922.0,138261,1241249,201603,201603,0.0
20151120,249926.0,249925.0,249890.0,249891.0,105388,1365896,0,0,-400.0
20151123,249889.0,249888.0,249828.0,249841.0,152800,1371925,0,0,0.0
20151124,249839.0,249863.0,249828.0,249853.0,140118,1363435,0,0,0.0
20151125,249839.0,249863.0,249828.0,249841.0,122717,1358803,0,0,0.0
20151127,249839.0,249863.0,249840.0,249853.0,72877,1346534,0,0,0.0
20151130,249851.0,249863.0,249828.0,249853.0,94322,1339010,0,0,0.0
20151201,249851.0,249901.0,249815.0,249879.0,197093,1345733,0,0,0.0
20151202,249877.0,249888.0,249790.0,249829.0,211939,1360900,0,0,0.0
20151203,249839.0,249838.0,249777.0,249804.0,236929,1359015,0,0,0.0
20151204,249814.0,249826.0,249740.0,249791.0,312033,1404608,0,0,0.0
20151207,249776.0,249788.0,249740.0,249753.0,169092,1392142,0,0,0.0
20151208,249751.0,249763.0,249703.0,249716.0,227364,1396645,0,0,0.0
20151209,249714.0,249801.0,249690.0,249766.0,348637,1393764,0,0,0.0
20151210,249764.0,249763.0,249715.0,249729.0,268890,1391073,0,0,0.0
20151211,249714.0,249838.0,249715.0,249817.0,382017,1404805,0,0,0.0
20151214,249815.0,249813.0,249765.0,249792.0,293767,1407831,0,0,0.0
20151215,249815.0,249813.0,249765.0,249792.0,235802,1389708,0,0,0.0
20151216,249790.0,249801.0,249690.0,249754.0,405965,1374417,0,0,0.0
20151217,249740.0,249750.0,249653.0,249692.0,393027,1346218,0,0,0.0
20151218,249703.0,249713.0,249653.0,249667.0,217817,1281931,0,0,0.0
20151221,249665.0,249663.0,249628.0,249642.0,152540,1273023,0,0,0.0
20151222,249628.0,249663.0,249628.0,249642.0,136827,1279837,0,0,0.0
20151223,249640.0,249663.0,249628.0,249630.0,85026,1260422,0,0,0.0
20151228,249628.0,249638.0,249615.0,249617.0,59614,1248862,0,0,0.0
20151229,249615.0,249626.0,249565.0,249567.0,150918,1251542,0,0,0.0
20151230,249577.0,249600.0,249553.0,249579.0,108944,1269338,0,0,0.0
20151231,249577.0,249613.0,249577.0,249604.0,78826,1286749,0,0,0.0
20160104,249590.0,249675.0,249577.0,249630.0,160684,1274039,0,0,0.0
20160105,249628.0,249651.0,249628.0,249655.0,179024,1269614,0,0,0.0
20160106,249665.0,249701.0,249640.0,249692.0,280158,1299193,0,0,0.0
20160107,249703.0,249738.0,249677.0,249730.0,321791,1311672,0,0,0.0
20160108,249728.0,249726.0,249640.0,249692.0,428944,1317095,0,0,0.0
20160111,249703.0,249750.0,249653.0,249705.0,238608,1321768,0,0,0.0
20160112,249703.0,249726.0,249665.0,249692.0,342196,1331771,0,0,0.0
20160113,249690.0,249726.0,249665.0,249705.0,241444,1301800,0,0,0.0
20160114,249690.0,249750.0,249677.0,249742.0,334397,1295515,0,0,0.0
20160115,249740.0,249839.0,249728.0,249779.0,477961,1316017,0,0,0.0
20160119,249790.0,249802.0,249715.0,249730.0,306004,1272500,0,0,0.0
20160120,249728.0,249814.0,249728.0,249779.0,372406,1278796,0,0,0.0
20160121,249790.0,249814.0,249752.0,249817.0,261534,1301599,0,0,0.0
20160122,249790.0,249802.0,249752.0,249779.0,225779,1304688,0,0,0.0
20160125,249777.0,249789.0,249765.0,249767.0,107965,1298035,0,0,0.0
20160126,249777.0,249789.0,249752.0,249779.0,158896,1276807,0,0,0.0
20160127,249790.0,249814.0,249728.0,249805.0,418700,1279234,0,0,0.0
20160128,249815.0,249851.0,249803.0,249854.0,216694,1226235,0,0,0.0
20160129,249840.0,249914.0,249840.0,249880.0,357792,1223186,0,0,0.0
20160201,249890.0,249902.0,249828.0,249854.0,229105,1237658,0,0,0.0
20160202,249852.0,249889.0,249840.0,249892.0,277884,1222389,0,0,0.0
20160203,249890.0,249914.0,249852.0,249880.0,302272,1224364,0,0,0.0
20160204,249865.0,249889.0,249852.0,249867.0,198594,1190993,0,0,0.0
20160205,249865.0,249877.0,249815.0,249842.0,328105,1180813,0,0,0.0
20160208,249828.0,249864.0,249765.0,249792.0,537999,1181984,0,0,0.0
20160209,249777.0,249827.0,249715.0,249805.0,323223,1103460,0,0,0.0
20160210,249803.0,249851.0,249804.0,249830.0,283845,1089007,0,0,0.0
20160211,249828.0,249889.0,249829.0,249854.0,436864,1087012,0,0,0.0
20160212,249828.0,249864.0,249829.0,249842.0,197489,1074088,0,0,0.0
20160216,249846.0,249858.0,249835.0,249848.0,167306,1049720,0,0,0.0
20160217,249846.0,249851.0,249816.0,249836.0,222775,1055527,0,0,0.0
20160218,249828.0,249845.0,249829.0,249836.0,144450,1027652,0,0,0.0
20160219,249846.0,249851.0,249816.0,249836.0,152884,1007175,201606,201606,0.0
20160222,249821.0,249833.0,249772.0,249810.0,119386,1291300,0,0,-131.0
20160223,249796.0,249833.0,249760.0,249798.0,183063,1282559,0,0,0.0
20160224,249808.0,249845.0,249772.0,249798.0,231158,1280951,0,0,0.0
20160225,249784.0,249833.0,249772.0,249823.0,173320,1283785,0,0,0.0
20160226,249808.0,249820.0,249697.0,249709.0,327843,1284924,0,0,0.0
20160229,249707.0,249770.0,249685.0,249747.0,317992,1313525,0,0,0.0
20160301,249770.0,249807.0,249722.0,249722.0,369229,1317182,0,0,0.0
20160302,249720.0,249732.0,249672.0,249722.0,293638,1317231,0,0,0.0
20160303,249732.0,249758.0,249697.0,249747.0,240574,1355177,0,0,0.0
20160304,249745.0,249758.0,249685.0,249709.0,317739,1347488,0,0,0.0
20160307,249732.0,249732.0,249647.0,249660.0,203319,1358236,0,0,0.0
20160308,249658.0,249695.0,249647.0,249660.0,281526,1317078,0,0,0.0
20160309,249683.0,249683.0,249609.0,249622.0,231814,1287804,0,0,0.0
20160310,249645.0,249658.0,249597.0,249647.0,405915,1243144,0,0,0.0
20160311,249620.0,249632.0,249572.0,249597.0,198824,1243981,0,0,0.0
20160314,249583.0,249595.0,249572.0,249572.0,225218,1224124,0,0,0.0
20160315,249570.0,249595.0,249534.0,249547.0,286973,1220711,0,0,0.0
20160316,249545.0,249746.0,249497.0,249735.0,533807,1204416,0,0,0.0
20160317,249746.0,249784.0,249698.0,249723.0,259153,1199825,0,0,0.0
20160318,249721.0,249759.0,249710.0,249723.0,184674,1195386,0,0,0.0
20160321,249733.0,249746.0,249673.0,249673.0,175747,1203957,0,0,0.0
20160322,249671.0,249721.0,249635.0,249648.0,244180,1188006,0,0,0.0
20160323,249646.0,249708.0,249635.0,249698.0,231797,1186326,0,0,0.0
20160324,249696.0,249696.0,249661.0,249673.0,129913,1205429,0,0,0.0
20160328,249671.0,249708.0,249673.0,249710.0,59013,1202994,0,0,0.0
20160329,249696.0,249809.0,249698.0,249786.0,250825,1205459,0,0,0.0
20160330,249797.0,249860.0,249787.0,249848.0,262682,1203397,0,0,0.0
20160331,249847.0,249860.0,249824.0,249848.0,184676,1175492,0,0,0.0
20160401,249860.0,249860.0,249787.0,249823.0,279709,1158871,0,0,0.0
20160404,249835.0,249860.0,249811.0,249848.0,117836,1147683,0,0,0.0
20160405,249847.0,249884.0,249849.0,249873.0,164524,1159505,0,0,0.0
20160406,249884.0,249884.0,249837.0,249861.0,162960,1162875,0,0,0.0
20160407,249860.0,249897.0,249849.0,249898.0,185097,1166974,0,0,0.0
20160408,249897.0,249897.0,249837.0,249861.0,147982,1180014,0,0,0.0
20160411,249860.0,249860.0,249849.0,249848.0,56254,1185959,0,0,0.0
20160412,249860.0,249860.0,249849.0,249848.0,72234,1188156,0,0,0.0
20160413,249847.0,249872.0,249837.0,249848.0,177433,1184916,0,0,0.0
20160414,249860.0,249860.0,249837.0,249861.0,211405,1188777,0,0,0.0
20160415,249847.0,249872.0,249837.0,249873.0,119419,1200173,0,0,0.0
20160418,249872.0,249884.0,249862.0,249861.0,165026,1219884,0,0,0.0
20160419,249860.0,249872.0,249837.0,249848.0,162338,1206959,0,0,0.0
20160420,249835.0,249860.0,249799.0,249810.0,178499,1192250,0,0,0.0
20160421,249809.0,249809.0,249787.0,249798.0,135302,1195350,0,0,0.0
20160422,249809.0,249822.0,249787.0,249798.0,170254,1188708,0,0,0.0
20160425,249785.0,249822.0,249787.0,249798.0,177385,1184331,0,0,0.0
20160426,249809.0,249822.0,249799.0,249810.0,215224,1206857,0,0,0.0
20160427,249809.0,249860.0,249736.0,249848.0,432032,1222781,0,0,0.0
20160428,249860.0,249884.0,249850.0,249885.0,220001,1213992,0,0,0.0
20160429,249884.0,249897.0,249863.0,249885.0,110898,1198053,0,0,0.0
20160502,249872.0,249884.0,249863.0,249885.0,72030,1184253,0,0,0.0
20160503,249884.0,249909.0,249887.0,249910.0,147554,1180322,0,0,0.0
20160504,249897.0,249922.0,249887.0,249898.0,227698,1179985,0,0,0.0
20160505,249909.0,249922.0,249900.0,249910.0,196168,1191158,0,0,0.0
20160506,249909.0,249960.0,249887.0,249910.0,306866,1213690,0,0,0.0
20160509,249922.0,249960.0,249925.0,249948.0,128477,1229128,0,0,0.0
20160510,249960.0,249960.0,249938.0,249948.0,126436,1236809,0,0,0.0
20160511,249947.0,249972.0,249938.0,249948.0,139045,1233787,0,0,0.0
20160512,249960.0,249960.0,249938.0,249961.0,115064,1229128,0,0,0.0
20160513,249960.0,249972.0,249938.0,249973.0,185744,1218761,0,0,0.0
20160516,249966.0,249966.0,249950.0,249948.0,111005,1207125,0,0,0.0
20160517,249947.0,249953.0,249894.0,249904.0,254871,1189501,0,0,0.0
20160518,249891.0,249903.0,249768.0,249778.0,553251,1190014,0,0,0.0
20160519,249771.0,249784.0,249724.0,249760.0,411424,1163522,201609,201609,0.0
20160520,249752.0,249777.0,249718.0,249740.0,193751,1158284,0,0,-306.0
20160523,249752.0,249777.0,249705.0,249728.0,171101,1141677,0,0,0.0
20160524,249727.0,249739.0,249693.0,249728.0,214564,1131640,0,0,0.0
20160525,249702.0,249764.0,249693.0,249753.0,199240,1120115,0,0,0.0
20160526,249752.0,249827.0,249755.0,249829.0,283627,1128482,0,0,0.0
20160527,249815.0,249815.0,249693.0,249792.0,280583,1131397,0,0,0.0
