Date,Open,High,Low,Close,Volume,OI,P,R,RINFO
20140603,96075.0,96162.5,95800.0,96100.0,965833,2999092,0,0,0.0
20140604,96138.0,96350.0,95800.0,96288.0,936202,3004762,0,0,0.0
20140605,96276.0,97038.0,96050.0,96926.0,1707770,3004963,201409,201409,0.0
20140606,96926.0,97513.0,96900.0,97489.0,1239600,139578,0,0,-387.5
20140609,97491.0,97751.0,97314.0,97527.0,1108399,197991,0,0,0.0
20140610,97478.0,97600.0,97176.0,97552.0,1207062,328900,0,0,0.0
20140611,97566.0,97562.0,96963.0,97226.0,1668880,590839,0,0,0.0
20140612,97227.0,97411.0,96260.0,96548.0,2436892,997767,0,0,0.0
20140613,96562.0,96871.0,96335.0,96799.0,2470761,1494709,0,0,0.0
20140616,96788.0,97059.0,96335.0,96849.0,2606798,1991427,0,0,0.0
20140617,96838.0,97172.0,96573.0,97075.0,2700216,2500698,0,0,0.0
20140618,97064.0,97900.0,96849.0,97841.0,2282663,2728287,0,0,0.0
20140619,97792.0,98000.0,97589.0,97904.0,1793623,2802321,0,0,0.0
20140620,97842.0,98226.0,97802.0,98055.0,1162495,2821923,0,0,0.0
20140623,98030.0,98377.0,97890.0,98042.0,1024997,2853357,0,0,0.0
20140624,97955.0,98390.0,97375.0,97553.0,1533819,2855130,0,0,0.0
20140625,97503.0,98051.0,97250.0,97867.0,1533790,2872653,0,0,0.0
20140626,97829.0,98013.0,97200.0,97829.0,1487894,2868132,0,0,0.0
20140627,97804.0,98088.0,97526.0,97992.0,1179527,2891207,0,0,0.0
20140630,97980.0,98226.0,97790.0,98017.0,1156960,2925452,0,0,0.0
20140701,98118.0,98979.0,98066.0,98682.0,1457046,2929352,0,0,0.0
20140702,98708.0,98891.0,98618.0,98782.0,922515,2915129,0,0,0.0
20140703,98796.0,99305.0,98693.0,99271.0,847893,2906788,0,0,0.0
20140707,99185.0,99267.0,98756.0,98945.0,1154378,2904863,0,0,0.0
20140708,98921.0,98928.0,98028.0,98418.0,1778822,2915133,0,0,0.0
20140709,98419.0,98803.0,98304.0,98757.0,1394269,2915996,0,0,0.0
20140710,98770.0,98803.0,97651.0,98280.0,1976988,2908909,0,0,0.0
20140711,98255.0,98565.0,98040.0,98518.0,1367021,2880205,0,0,0.0
20140714,98531.0,99092.0,98517.0,98945.0,1007302,2909158,0,0,0.0
20140715,98958.0,99205.0,98329.0,98794.0,1908357,2918047,0,0,0.0
20140716,98795.0,99293.0,98743.0,99133.0,1321881,2927567,0,0,0.0
20140717,98958.0,99193.0,97814.0,98066.0,2445476,2941204,0,0,0.0
20140718,97854.0,99105.0,97513.0,98970.0,1801020,2949424,0,0,0.0
20140721,98908.0,98967.0,98341.0,98706.0,1417464,2936374,0,0,0.0
20140722,98682.0,99419.0,98655.0,99145.0,1277033,2934875,0,0,0.0
20140723,99046.0,99570.0,99031.0,99434.0,1151880,2941364,0,0,0.0
20140724,99448.0,99683.0,99232.0,99434.0,1168421,2943169,0,0,0.0
20140725,99335.0,99432.0,98793.0,98970.0,1428893,2929174,0,0,0.0
20140728,98933.0,99194.0,98429.0,99045.0,2996000,2938486,0,0,0.0
20140729,99021.0,99370.0,98492.0,98543.0,1511506,2944211,0,0,0.0
20140730,98607.0,99106.0,98216.0,98643.0,1773355,2928531,0,0,0.0
20140731,98645.0,98667.0,96559.0,96622.0,2780101,2936401,0,0,0.0
20140801,96687.0,96998.0,95894.0,96308.0,2894821,2901142,0,0,0.0
20140804,96361.0,97262.0,96120.0,96986.0,1608213,2896652,0,0,0.0
20140805,96938.0,97049.0,95756.0,96032.0,2141576,2897573,0,0,0.0
20140806,96122.0,96560.0,95530.0,96120.0,1708231,2891258,0,0,0.0
20140807,96122.0,96673.0,95367.0,95643.0,1957809,2916013,0,0,0.0
20140808,95645.0,96799.0,94890.0,96572.0,1911135,2901948,0,0,0.0
20140811,96561.0,97439.0,96547.0,97011.0,1185144,2910845,0,0,0.0
20140812,97088.0,97326.0,96560.0,96911.0,1236601,2920411,0,0,0.0
20140813,97000.0,97715.0,96924.0,97626.0,1123301,2932233,0,0,0.0
20140814,97690.0,98129.0,97489.0,98065.0,970286,2947976,0,0,0.0
20140815,98104.0,98443.0,97251.0,98015.0,1827181,2930057,0,0,0.0
20140818,98179.0,98845.0,98180.0,98768.0,895251,2935727,0,0,0.0
20140819,98819.0,99385.0,98808.0,99257.0,870648,2960508,0,0,0.0
20140820,99283.0,99699.0,99046.0,99558.0,1066950,2954359,0,0,0.0
20140821,99534.0,100000.0,99435.0,99872.0,844354,2962627,0,0,0.0
20140822,99885.0,99975.0,99473.0,99784.0,1119479,2959504,0,0,0.0
20140825,99898.0,100389.0,99837.0,100148.0,858918,2972614,0,0,0.0
20140826,100124.0,100540.0,100013.0,100324.0,885867,2973216,0,0,0.0
20140827,100362.0,100427.0,100076.0,100249.0,765390,2996449,0,0,0.0
20140828,100237.0,100352.0,99775.0,100236.0,1102030,3004649,0,0,0.0
20140829,100363.0,100590.0,100013.0,100474.0,1046601,3011118,0,0,0.0
20140902,100350.0,100716.0,100038.0,100386.0,1046601,3011118,0,0,0.0
20140903,100425.0,100954.0,100214.0,100336.0,1325638,3009547,0,0,0.0
20140904,100337.0,100904.0,99938.0,100286.0,1564558,3005614,0,0,0.0
20140905,100350.0,100791.0,99812.0,100700.0,1737635,2989310,201412,201412,0.0
20140908,100727.0,100728.0,100126.0,100449.0,1275452,185494,0,0,-425.0
20140909,100450.0,100577.0,99584.0,99907.0,1854798,225390,0,0,0.0
20140910,99908.0,100237.0,99508.0,100172.0,1874889,423177,0,0,0.0
20140911,100160.0,100388.0,99684.0,100273.0,2546699,945046,0,0,0.0
20140912,100387.0,100401.0,99382.0,99655.0,3116319,1556670,0,0,0.0
20140915,99505.0,99771.0,99218.0,99617.0,2596884,2018909,0,0,0.0
20140916,99656.0,100552.0,99331.0,100398.0,2966696,2509195,0,0,0.0
20140917,100400.0,100993.0,99986.0,100511.0,2664271,2714990,0,0,0.0
20140918,100602.0,101169.0,100478.0,101053.0,1736991,2796367,0,0,0.0
20140919,101131.0,101560.0,100743.0,101015.0,1671974,2794169,0,0,0.0
20140922,100929.0,101157.0,99911.0,100133.0,1580080,2785075,0,0,0.0
20140923,100022.0,100224.0,99230.0,99427.0,1633127,2795261,0,0,0.0
20140924,99304.0,100451.0,99293.0,100372.0,1567830,2810957,0,0,0.0
20140925,100363.0,100401.0,98701.0,98885.0,2320691,2797856,0,0,0.0
20140926,98863.0,99783.0,98638.0,99616.0,1682774,2793774,0,0,0.0
20140929,99556.0,99670.0,98588.0,99288.0,1789078,2802910,0,0,0.0
20140930,99254.0,99733.0,98853.0,99086.0,1993482,2794635,0,0,0.0
20141001,98863.0,99166.0,97492.0,97838.0,2454745,2790666,0,0,0.0
20141002,97842.0,98095.0,96711.0,97725.0,2725793,2751445,0,0,0.0
20141003,97729.0,99040.0,97593.0,98821.0,1559239,2738142,0,0,0.0
20141006,98863.0,99368.0,98337.0,98607.0,1730376,2745847,0,0,0.0
20141007,98472.0,98624.0,97026.0,97195.0,2168572,2769360,0,0,0.0
20141008,97111.0,99015.0,96698.0,98896.0,2527103,2735211,0,0,0.0
20141009,98888.0,99242.0,96559.0,97043.0,3107987,2726452,0,0,0.0
20141010,96645.0,97364.0,95450.0,95493.0,3073378,2749030,0,0,0.0
20141013,95385.0,96091.0,93988.0,94044.0,2954286,2823640,0,0,0.0
20141014,94087.0,95423.0,94013.0,94510.0,3121038,2820880,0,0,0.0
20141015,94692.0,94944.0,91404.0,93098.0,4674542,2891394,0,0,0.0
20141016,93104.0,94263.0,91517.0,93287.0,3372120,2822638,0,0,0.0
20141017,93419.0,95372.0,93319.0,94825.0,2585457,2819776,0,0,0.0
20141020,94982.0,95914.0,94390.0,95783.0,1656326,2799510,0,0,0.0
20141021,95965.0,97779.0,95071.0,97699.0,2244673,2816714,0,0,0.0
20141022,97717.0,97993.0,96810.0,97044.0,2028141,2828457,0,0,0.0
20141023,97024.0,98623.0,96911.0,98103.0,2019894,2844152,0,0,0.0
20141024,98108.0,98837.0,97390.0,98796.0,1604778,2829899,0,0,0.0
20141027,98826.0,99102.0,98033.0,98657.0,1459135,2833776,0,0,0.0
20141028,98700.0,99858.0,98651.0,99816.0,1576874,2856633,0,0,0.0
20141029,99620.0,100110.0,98916.0,99425.0,1902781,2854076,0,0,0.0
20141030,99406.0,100539.0,98777.0,100244.0,1987689,2883991,0,0,0.0
20141031,100213.0,101673.0,100163.0,101403.0,1930149,2822107,0,0,0.0
20141103,101398.0,101799.0,101184.0,101378.0,1366371,2813514,0,0,0.0
20141104,101360.0,101522.0,100592.0,101101.0,1527003,2837987,0,0,0.0
20141105,101146.0,101862.0,101021.0,101769.0,1577952,2856834,0,0,0.0
20141106,101764.0,102303.0,101374.0,102235.0,1437130,2863233,0,0,0.0
20141107,102205.0,102517.0,101866.0,102134.0,1287793,2851049,0,0,0.0
20141110,102129.0,102593.0,101891.0,102537.0,970085,2863436,0,0,0.0
20141111,102532.0,102795.0,102395.0,102663.0,784617,2868786,0,0,0.0
20141112,102671.0,102707.0,102181.0,102638.0,1097673,2922873,0,0,0.0
20141113,102583.0,103035.0,102181.0,102537.0,1547071,2937647,0,0,0.0
20141114,102495.0,102833.0,102446.0,102739.0,1057098,2924312,0,0,0.0
20141117,102772.0,102871.0,102106.0,102827.0,1072453,2924341,0,0,0.0
20141118,102810.0,103552.0,102635.0,103268.0,1162728,2934115,0,0,0.0
20141119,103289.0,103376.0,102736.0,103205.0,1204203,2933002,0,0,0.0
20141120,103201.0,103489.0,102610.0,103444.0,1144673,2959677,0,0,0.0
20141121,103466.0,104472.0,103341.0,103936.0,1655583,2957158,0,0,0.0
20141124,103970.0,104308.0,103896.0,104226.0,802003,2958213,0,0,0.0
20141125,104222.0,104510.0,103997.0,104226.0,986806,2955905,0,0,0.0
20141126,104272.0,104623.0,104123.0,104465.0,750554,2945186,0,0,0.0
20141128,104562.0,104598.0,104035.0,104163.0,791076,2959182,0,0,0.0
20141201,104020.0,104056.0,103266.0,103382.0,1485197,2948066,0,0,0.0
20141202,103402.0,104258.0,103392.0,104151.0,1168103,2962937,0,0,0.0
20141203,104183.0,104661.0,104022.0,104479.0,953936,2944324,0,0,0.0
20141204,104511.0,104724.0,103921.0,104454.0,1405508,2946103,0,0,0.0
20141205,104448.0,104812.0,104287.0,104656.0,1181349,2908207,201503,201503,0.0
20141208,104650.0,104736.0,103543.0,103812.0,1475775,210020,0,0,-350.0
20141209,103866.0,103952.0,102506.0,103723.0,2043658,283006,0,0,0.0
20141210,103740.0,103851.0,102013.0,102155.0,2683950,475721,0,0,0.0
20141211,102172.0,103674.0,102038.0,102383.0,3129588,916477,0,0,0.0
20141212,102311.0,102460.0,100659.0,100688.0,3952177,1422793,0,0,0.0
20141215,100692.0,101790.0,99888.0,100321.0,3941558,1818446,0,0,0.0
20141216,100388.0,101739.0,99230.0,99398.0,4585384,2291872,0,0,0.0
20141217,99490.0,101726.0,99458.0,101586.0,3552407,2634656,0,0,0.0
20141218,101577.0,104318.0,101406.0,104204.0,2897528,2767647,0,0,0.0
20141219,104220.0,105026.0,104037.0,104558.0,1766592,2720187,0,0,0.0
20141222,104460.0,105013.0,104416.0,104836.0,860052,2719678,0,0,0.0
20141223,104865.0,105443.0,104795.0,105165.0,781228,2732725,0,0,0.0
20141224,105156.0,105392.0,105073.0,105152.0,236474,2732874,0,0,0.0
20141226,105156.0,105658.0,105149.0,105430.0,311378,2728564,0,0,0.0
20141229,105523.0,105658.0,105023.0,105506.0,718964,2741375,0,0,0.0
20141231,105030.0,105354.0,103746.0,103824.0,838616,2769700,0,0,0.0
20150102,103955.0,104570.0,103139.0,103508.0,1360446,2746750,0,0,0.0
20150105,103487.0,103609.0,101659.0,101978.0,2036206,2735166,0,0,0.0
20150106,102134.0,102357.0,100382.0,100890.0,2348451,2738793,0,0,0.0
20150107,100996.0,102370.0,100964.0,102155.0,1763203,2719370,0,0,0.0
20150108,102210.0,104128.0,102203.0,103951.0,1558495,2717604,0,0,0.0
20150109,103892.0,104305.0,102759.0,102952.0,1909858,2678435,0,0,0.0
20150112,102918.0,103609.0,101950.0,102307.0,1623801,2677998,0,0,0.0
20150113,102374.0,103786.0,101229.0,101978.0,2498706,2702231,0,0,0.0
20150114,102045.0,102155.0,100230.0,101548.0,2521068,2701273,0,0,0.0
20150115,101666.0,102547.0,100319.0,100612.0,2267226,2742502,0,0,0.0
20150116,100199.0,101889.0,99674.0,101826.0,2022536,2687724,0,0,0.0
20150120,101856.0,102509.0,101053.0,102016.0,1810416,2693173,0,0,0.0
20150121,101970.0,102825.0,101445.0,102509.0,1642049,2688767,0,0,0.0
20150122,102526.0,104165.0,102153.0,104027.0,1839072,2701326,0,0,0.0
20150123,104031.0,104329.0,103317.0,103395.0,1356357,2690889,0,0,0.0
20150126,102943.0,103950.0,102470.0,103876.0,1265766,2696298,0,0,0.0
20150127,103904.0,103937.0,101850.0,102687.0,1961093,2684751,0,0,0.0
20150128,103019.0,103520.0,100737.0,100739.0,2090792,2743997,0,0,0.0
20150129,100844.0,102180.0,100269.0,102105.0,2127836,2721183,0,0,0.0
20150130,102147.0,102205.0,100484.0,100587.0,2358404,2740382,0,0,0.0
20150202,100693.0,102104.0,99852.0,102029.0,2042547,2710794,0,0,0.0
20150203,101932.0,103394.0,101534.0,103294.0,1709268,2714102,0,0,0.0
20150204,103222.0,103660.0,102331.0,102687.0,1343600,2728704,0,0,0.0
20150205,102438.0,104141.0,102230.0,103952.0,1346549,2724108,0,0,0.0
20150206,104019.0,104609.0,103432.0,103851.0,1724572,2775438,0,0,0.0
20150209,103703.0,103787.0,103027.0,103320.0,1290666,2762422,0,0,0.0
20150210,103387.0,104533.0,103229.0,104319.0,1402516,2766377,0,0,0.0
20150211,104348.0,105191.0,103874.0,104496.0,1421400,2749732,0,0,0.0
20150212,104791.0,105495.0,104140.0,105419.0,1435697,2777622,0,0,0.0
20150213,105373.0,105976.0,105304.0,105900.0,1227185,2776438,0,0,0.0
20150217,105790.0,106166.0,105266.0,106026.0,1239384,2780511,0,0,0.0
20150218,106056.0,106153.0,105658.0,106001.0,1089916,2782675,0,0,0.0
20150219,105993.0,106204.0,105595.0,105988.0,1154753,2806657,0,0,0.0
20150220,106031.0,106672.0,105342.0,106582.0,1654498,2826009,0,0,0.0
20150223,106600.0,106647.0,106227.0,106569.0,857973,2835551,0,0,0.0
20150224,106549.0,107026.0,106379.0,106923.0,1085801,2836074,0,0,0.0
20150225,106928.0,107127.0,106607.0,106746.0,978874,2861642,0,0,0.0
20150226,106764.0,106975.0,106316.0,106733.0,1187539,2866192,0,0,0.0
20150227,106713.0,106785.0,106278.0,106366.0,1215548,2866335,0,0,0.0
20150302,106435.0,107013.0,106265.0,106935.0,1090278,2871121,0,0,0.0
20150303,106941.0,106962.0,106012.0,106467.0,1383913,2893603,0,0,0.0
20150304,106473.0,106469.0,105493.0,106050.0,1510787,2910503,0,0,0.0
20150305,106056.0,106406.0,105898.0,106214.0,1116234,2917569,201506,201506,0.0
20150306,106208.0,106444.0,104507.0,104760.0,1936856,115744,0,0,-400.0
20150309,104900.0,105352.0,104545.0,105115.0,1272920,158323,0,0,0.0
20150310,105116.0,105136.0,103313.0,103300.0,2063531,234122,0,0,0.0
20150311,103389.0,103828.0,103123.0,103186.0,2039570,440250,0,0,0.0
20150312,103326.0,104552.0,103136.0,104430.0,2462611,875067,0,0,0.0
20150313,104430.0,104666.0,103225.0,103706.0,2939292,1332264,0,0,0.0
20150316,103757.0,105313.0,103466.0,105039.0,2645587,1793591,0,0,0.0
20150317,104938.0,105135.0,104431.0,104925.0,2745811,2362080,0,0,0.0
20150318,104925.0,106620.0,104228.0,106258.0,2658102,2586701,0,0,0.0
20150319,106309.0,106582.0,105460.0,105699.0,1466100,2638127,0,0,0.0
20150320,105598.0,106976.0,105523.0,106600.0,1418171,2608347,0,0,0.0
20150323,106525.0,106989.0,106310.0,106371.0,957986,2607995,0,0,0.0
20150324,106335.0,106684.0,105789.0,105876.0,1195671,2625047,0,0,0.0
20150325,105891.0,106087.0,104227.0,104289.0,1778993,2620588,0,0,0.0
20150326,104406.0,104538.0,103262.0,104022.0,1843619,2639622,0,0,0.0
20150327,104101.0,104487.0,103656.0,104225.0,1160890,2640559,0,0,0.0
20150330,104241.0,105706.0,103973.0,105393.0,1237568,2632578,0,0,0.0
20150331,105358.0,105452.0,104430.0,104644.0,1597498,2655571,0,0,0.0
20150401,104507.0,104640.0,103275.0,104250.0,1829056,2672112,0,0,0.0
20150402,104367.0,104843.0,103808.0,104580.0,96102,2650208,0,0,0.0
20150406,103567.0,105617.0,103541.0,105278.0,950968,2654748,0,0,0.0
20150407,105192.0,105757.0,104925.0,104999.0,1050093,2651631,0,0,0.0
20150408,105040.0,105630.0,104849.0,105418.0,1220028,2644161,0,0,0.0
20150409,105510.0,105973.0,104963.0,105913.0,1213616,2645082,0,0,0.0
20150410,105929.0,106443.0,105788.0,106408.0,1213616,2645082,0,0,0.0
20150413,106399.0,106697.0,105903.0,105951.0,1069908,2651679,0,0,0.0
20150414,105980.0,106265.0,105421.0,106180.0,1262993,2650088,0,0,0.0
20150415,106222.0,106912.0,106005.0,106625.0,1044340,2664126,0,0,0.0
20150416,106717.0,106874.0,106093.0,106676.0,1110320,2666373,0,0,0.0
20150417,106705.0,106722.0,104849.0,105393.0,1819414,2689405,0,0,0.0
20150420,105676.0,106506.0,105560.0,106180.0,1117632,2702824,0,0,0.0
20150421,106108.0,106900.0,106005.0,106180.0,1048695,2688683,0,0,0.0
20150422,106235.0,106824.0,105649.0,106650.0,1187004,2683708,0,0,0.0
20150423,106604.0,107369.0,106017.0,106992.0,1361370,2689547,0,0,0.0
20150424,107022.0,107382.0,106804.0,107234.0,954521,2713112,0,0,0.0
20150427,107315.0,107636.0,106665.0,106879.0,1200115,2711119,0,0,0.0
20150428,106833.0,107267.0,106056.0,107247.0,1474639,2688678,0,0,0.0
20150429,107188.0,107267.0,106170.0,106587.0,1736098,2706583,0,0,0.0
20150430,106553.0,106734.0,105142.0,105571.0,2024833,2720143,0,0,0.0
20150501,105766.0,106759.0,105662.0,106714.0,1021007,2765711,0,0,0.0
20150504,106731.0,107394.0,106551.0,107108.0,1000309,2734463,0,0,0.0
20150505,107124.0,107229.0,105713.0,105825.0,1588014,2721947,0,0,0.0
20150506,105905.0,106315.0,104685.0,105330.0,1754960,2703366,0,0,0.0
20150507,105360.0,106036.0,104469.0,105838.0,1433321,2729348,0,0,0.0
20150508,105893.0,107318.0,105840.0,107069.0,1377057,2713209,0,0,0.0
20150511,107149.0,107318.0,106437.0,106524.0,1145380,2722856,0,0,0.0
20150512,106527.0,106683.0,105599.0,106384.0,1472548,2717411,0,0,0.0
20150513,106451.0,106962.0,106221.0,106359.0,1335896,2710825,0,0,0.0
20150514,106438.0,107559.0,106246.0,107527.0,1101490,2714341,0,0,0.0
20150515,107518.0,107787.0,107326.0,107603.0,1023198,2725106,0,0,0.0
20150518,107620.0,108092.0,107275.0,107958.0,913154,2723990,0,0,0.0
20150519,108001.0,108358.0,107732.0,107882.0,994750,2730361,0,0,0.0
20150520,107874.0,108270.0,107630.0,107780.0,1009770,2716966,0,0,0.0
20150521,107696.0,108257.0,107414.0,108059.0,792875,2717293,0,0,0.0
20150522,108128.0,108206.0,107808.0,107881.0,765874,2724877,0,0,0.0
20150526,107886.0,108003.0,106449.0,106891.0,1585936,2720027,0,0,0.0
20150527,106934.0,107864.0,106716.0,107703.0,1288328,2723908,0,0,0.0
20150528,107657.0,107788.0,107185.0,107742.0,1074890,2737526,0,0,0.0
20150529,107746.0,107788.0,106767.0,106942.0,1689212,2746809,0,0,0.0
20150601,106996.0,107534.0,106665.0,107108.0,1337694,2766529,0,0,0.0
20150602,107199.0,107445.0,106347.0,106981.0,1442673,2763714,0,0,0.0
20150603,106996.0,107687.0,106995.0,107450.0,1310989,2760870,0,0,0.0
20150604,107466.0,107471.0,106208.0,106587.0,1716475,2751605,0,0,0.0
20150605,106577.0,106773.0,105814.0,106245.0,1459942,2785151,201509,201509,0.0
20150608,106234.0,106291.0,105446.0,105521.0,60878,108429,0,0,-375.0
20150609,105585.0,105832.0,105050.0,105623.0,145789,139951,0,0,0.0
20150610,105636.0,107016.0,105624.0,106987.0,274972,207349,0,0,0.0
20150611,106948.0,107360.0,106809.0,107101.0,746727,359280,0,0,0.0
20150612,107089.0,107092.0,106121.0,106260.0,1756388,755803,0,0,0.0
20150615,105827.0,106073.0,105140.0,105776.0,1998178,1262058,0,0,0.0
20150616,105764.0,106506.0,105101.0,106464.0,1655437,1764777,0,0,0.0
20150617,106503.0,106952.0,105955.0,106477.0,1577521,2246290,0,0,0.0
20150618,106464.0,107997.0,106120.0,107777.0,1899198,2433892,0,0,0.0
20150619,107777.0,107921.0,106885.0,106911.0,1236103,2549027,0,0,0.0
20150622,107318.0,108137.0,107216.0,107675.0,1095590,2537546,0,0,0.0
20150623,107777.0,108061.0,107612.0,107866.0,835219,2563433,0,0,0.0
20150624,107917.0,107959.0,106987.0,107000.0,1153248,2554179,0,0,0.0
20150625,107089.0,107666.0,106630.0,106720.0,1213961,2536478,0,0,0.0
20150626,106758.0,107054.0,106337.0,106810.0,1318744,2534335,0,0,0.0
20150629,105190.0,106162.0,104349.0,104503.0,2287339,2526649,0,0,0.0
20150630,104706.0,105435.0,104324.0,104707.0,2355919,2614259,0,0,0.0
20150701,104706.0,105868.0,104719.0,105548.0,1493202,2615790,0,0,0.0
20150702,105572.0,105944.0,105115.0,105434.0,1247290,2624007,0,0,0.0
20150706,103827.0,105511.0,103688.0,105217.0,1857384,2625405,0,0,0.0
20150707,105381.0,105893.0,103726.0,105689.0,2529599,2657211,0,0,0.0
20150708,105648.0,105651.0,103790.0,103931.0,2388595,2658021,0,0,0.0
20150709,103954.0,105383.0,103892.0,104033.0,1980885,2729842,0,0,0.0
20150710,104209.0,105727.0,104223.0,105447.0,1572505,2667051,0,0,0.0
20150713,104719.0,106746.0,104592.0,106747.0,1333093,2619051,0,0,0.0
20150714,106719.0,107293.0,106554.0,107129.0,953155,2619098,0,0,0.0
20150715,107152.0,107408.0,106783.0,107244.0,1144204,2600930,0,0,0.0
20150716,107228.0,107955.0,107179.0,107893.0,1096207,2584404,0,0,0.0
20150717,107891.0,108031.0,107689.0,107983.0,889189,2609902,0,0,0.0
20150720,107942.0,108350.0,107880.0,108148.0,937349,2592829,0,0,0.0
20150721,108108.0,108286.0,107384.0,107766.0,1203968,2610884,0,0,0.0
20150722,107420.0,107624.0,107155.0,107435.0,1224253,2620479,0,0,0.0
20150723,107496.0,107714.0,106607.0,106951.0,1436236,2627734,0,0,0.0
20150724,107075.0,107217.0,105499.0,105881.0,1669215,2641582,0,0,0.0
20150727,105916.0,106033.0,104823.0,105218.0,1777544,2675616,0,0,0.0
20150728,105266.0,106453.0,105078.0,106378.0,1721554,2699408,0,0,0.0
20150729,106413.0,107231.0,106250.0,107104.0,1394145,2671539,0,0,0.0
20150730,106999.0,107231.0,106416.0,107219.0,1285647,2657695,0,0,0.0
20150731,107114.0,107486.0,106798.0,106951.0,1602657,2654075,0,0,0.0
20150803,106961.0,107142.0,106020.0,106569.0,1509759,2668917,0,0,0.0
20150804,106540.0,106824.0,106096.0,106161.0,1327794,2669093,0,0,0.0
20150805,106132.0,107371.0,106135.0,106709.0,1379742,2675097,0,0,0.0
20150806,106718.0,106977.0,105510.0,105982.0,1608346,2656916,0,0,0.0
20150807,106005.0,106136.0,105102.0,105676.0,1593346,2673527,0,0,0.0
20150810,105597.0,107079.0,105599.0,107014.0,1192601,2717584,0,0,0.0
20150811,107063.0,107104.0,105548.0,105995.0,1777943,2707594,0,0,0.0
20150812,106044.0,106263.0,104311.0,106224.0,2357389,2736342,0,0,0.0
20150813,106146.0,106657.0,105675.0,106032.0,1487841,2767869,0,0,0.0
20150814,105968.0,106530.0,105700.0,106491.0,1069024,2773957,0,0,0.0
20150817,106490.0,107040.0,105751.0,106988.0,1292404,2773006,0,0,0.0
20150818,106936.0,107206.0,106541.0,106720.0,1133037,2783936,0,0,0.0
20150819,106681.0,106912.0,105330.0,105638.0,2287924,2787015,0,0,0.0
20150820,105674.0,105881.0,103189.0,103229.0,2577998,2805536,0,0,0.0
20150821,103266.0,103396.0,100271.0,100477.0,4160367,2876543,0,0,0.0
20150824,100118.0,100122.0,93326.0,95368.0,5243619,2938889,0,0,0.0
20150825,95443.0,99293.0,94804.0,95444.0,3652294,3076257,0,0,0.0
20150826,95608.0,99013.0,94320.0,98769.0,3513948,3069752,0,0,0.0
20150827,98934.0,101421.0,98601.0,101381.0,2929037,3073835,0,0,0.0
20150828,101329.0,101548.0,100271.0,101406.0,1968178,2964630,0,0,0.0
20150831,101227.0,101293.0,99863.0,100361.0,1875462,2979180,0,0,0.0
20150901,100169.0,100197.0,96779.0,97647.0,2819876,3011216,0,0,0.0
20150902,97519.0,99317.0,97212.0,99227.0,2177871,3112082,0,0,0.0
20150903,99252.0,100565.0,98983.0,99176.0,2051771,3096800,0,0,0.0
20150904,99240.0,99330.0,97238.0,97941.0,2133618,3083716,201512,201512,0.0
20150908,97686.0,100247.0,97697.0,100120.0,143078,153521,0,0,-388.0
20150909,100117.0,101437.0,98593.0,98930.0,221192,226612,0,0,0.0
20150910,99005.0,100158.0,98209.0,99250.0,1022848,339416,0,0,0.0
20150911,99248.0,99889.0,98644.0,99787.0,1510186,806532,0,0,0.0
20150914,99939.0,100491.0,99105.0,99467.0,1573708,1269688,0,0,0.0
20150915,99453.0,100938.0,99042.0,100797.0,2031471,1747635,0,0,0.0
20150916,100822.0,101757.0,100449.0,101718.0,1643039,2385584,0,0,0.0
20150917,101653.0,102921.0,100922.0,101168.0,2324934,2665413,0,0,0.0
20150918,101141.0,101450.0,99349.0,99799.0,2419979,2813414,0,0,0.0
20150921,99747.0,100734.0,99208.0,100439.0,1513352,2876037,0,0,0.0
20150922,100515.0,100529.0,98147.0,98853.0,1980294,2862583,0,0,0.0
20150923,98787.0,99340.0,97775.0,98674.0,1423869,2876302,0,0,0.0
20150924,98851.0,99059.0,97097.0,98176.0,2215933,2872265,0,0,0.0
20150925,97904.0,99813.0,97762.0,98202.0,2078180,2864458,0,0,0.0
20150928,98019.0,98726.0,95638.0,95784.0,2326382,2818148,0,0,0.0
20150929,96011.0,96680.0,95241.0,95912.0,2367984,2885060,0,0,0.0
20150930,95947.0,97741.0,95766.0,97665.0,2213235,2896165,0,0,0.0
20151001,97354.0,98713.0,96738.0,98074.0,2051438,2867181,0,0,0.0
20151002,98096.0,99443.0,96366.0,99417.0,2465795,2866971,0,0,0.0
20151005,99324.0,101297.0,99143.0,101042.0,1672581,2898003,0,0,0.0
20151006,100961.0,101413.0,100435.0,100722.0,1605882,2895436,0,0,0.0
20151007,100347.0,101873.0,100333.0,101682.0,1936412,2894614,0,0,0.0
20151008,101716.0,102768.0,100870.0,102666.0,1802198,2884317,0,0,0.0
20151009,102547.0,103036.0,102291.0,102717.0,1376562,2917911,0,0,0.0
20151012,102611.0,103036.0,102445.0,102896.0,792497,2905895,0,0,0.0
20151013,102956.0,103075.0,101908.0,102026.0,1509079,2905112,0,0,0.0
20151014,101907.0,102410.0,101460.0,101514.0,1765988,2880221,0,0,0.0
20151015,101613.0,103318.0,101588.0,103305.0,1727968,2881542,0,0,0.0
20151016,103276.0,103676.0,102983.0,103638.0,1355097,2892169,0,0,0.0
20151019,103595.0,103753.0,103085.0,103740.0,1306084,2887889,0,0,0.0
20151020,103697.0,103932.0,103302.0,103382.0,1264201,2890340,0,0,0.0
20151021,103352.0,104073.0,102739.0,102768.0,1780504,2896843,0,0,0.0
20151022,102878.0,105185.0,102790.0,105045.0,2098033,2890408,0,0,0.0
20151023,105117.0,106131.0,105081.0,105710.0,2050047,2857210,0,0,0.0
20151026,105718.0,105798.0,105298.0,105519.0,1183138,2788563,0,0,0.0
20151027,105603.0,105632.0,104979.0,105429.0,1242724,2754513,0,0,0.0
20151028,105513.0,106681.0,105196.0,106657.0,1888636,2757750,0,0,0.0
20151029,106485.0,106744.0,106105.0,106580.0,1396107,2773132,0,0,0.0
20151030,106677.0,107167.0,105926.0,106107.0,1750688,2779503,0,0,0.0
20151102,106075.0,107435.0,105645.0,107219.0,1281668,2748794,0,0,0.0
20151103,107112.0,107960.0,106911.0,107603.0,1337628,2774901,0,0,0.0
20151104,107585.0,107934.0,106988.0,107181.0,1543740,2764810,0,0,0.0
20151105,107227.0,107678.0,106655.0,107142.0,1537030,2767546,0,0,0.0
20151106,107189.0,107383.0,106322.0,107130.0,1845961,2773738,0,0,0.0
20151109,107048.0,107320.0,105529.0,106068.0,1855463,2780419,0,0,0.0
20151110,106038.0,106360.0,105657.0,106324.0,1285716,2816439,0,0,0.0
20151111,106255.0,106783.0,105824.0,105864.0,1171227,2826631,0,0,0.0
20151112,105846.0,106284.0,104378.0,104406.0,1794847,2810012,0,0,0.0
20151113,104413.0,104672.0,102945.0,103280.0,2124881,2804669,0,0,0.0
20151116,102673.0,104928.0,102280.0,104789.0,1708089,2819215,0,0,0.0
20151117,104784.0,105567.0,104481.0,104840.0,1610071,2803541,0,0,0.0
20151118,104886.0,106539.0,104558.0,106414.0,1531975,2771239,0,0,0.0
20151119,106344.0,106885.0,106209.0,106388.0,1283219,2788869,0,0,0.0
20151120,106344.0,107153.0,106247.0,106874.0,1266980,2790570,0,0,0.0
20151123,106932.0,107076.0,106363.0,106644.0,971241,2751554,0,0,0.0
20151124,106586.0,106999.0,105710.0,106670.0,1514589,2759407,0,0,0.0
20151125,106637.0,107050.0,106568.0,106836.0,745779,2756429,0,0,0.0
20151127,106918.0,107345.0,106529.0,106938.0,653079,2761335,0,0,0.0
20151130,106918.0,107178.0,106375.0,106414.0,1377146,2763546,0,0,0.0
20151201,106713.0,107511.0,106631.0,107450.0,1479676,2764688,0,0,0.0
20151202,107429.0,107690.0,106196.0,106503.0,1709808,2759024,0,0,0.0
20151203,106598.0,107192.0,104405.0,104956.0,2643650,2741368,0,0,0.0
20151204,105063.0,107076.0,104751.0,106861.0,2254132,2748380,0,0,0.0
20151207,107059.0,107204.0,105659.0,106477.0,1693066,2668096,201603,201603,0.0
20151208,106433.0,106501.0,104930.0,105339.0,161486,231751,0,0,-388.0
20151209,105380.0,106386.0,104096.0,104479.0,381061,301615,0,0,0.0
20151210,104635.0,105718.0,104584.0,104825.0,783342,483940,0,0,0.0
20151211,104904.0,105153.0,102555.0,102784.0,2344066,787824,0,0,0.0
20151214,102798.0,103702.0,101887.0,103207.0,2646101,1264033,0,0,0.0
20151215,103389.0,105050.0,103261.0,104619.0,2156216,1775616,0,0,0.0
20151216,104647.0,106231.0,104340.0,105993.0,2031304,2294823,0,0,0.0
20151217,105842.0,106436.0,103917.0,103990.0,2108759,2448737,0,0,0.0
20151218,103954.0,104228.0,102285.0,102307.0,2105533,2525720,0,0,0.0
20151221,102581.0,103701.0,102504.0,103488.0,1269272,2570329,0,0,0.0
20151222,103595.0,104574.0,103120.0,104567.0,1142331,2561504,0,0,0.0
20151223,104468.0,105666.0,104327.0,105440.0,1003210,2542077,0,0,0.0
20151228,105354.0,105499.0,104558.0,105222.0,694543,2490347,0,0,0.0
20151229,105277.0,106526.0,105187.0,106455.0,829702,2490832,0,0,0.0
20151230,106419.0,106552.0,105495.0,105517.0,718431,2496174,0,0,0.0
20151231,105559.0,105667.0,104301.0,104541.0,1026053,2486459,0,0,0.0
20160104,104660.0,104935.0,101732.0,103180.0,2212693,2492297,0,0,0.0
20160105,103183.0,103574.0,102348.0,103322.0,1686270,2569569,0,0,0.0
20160106,103273.0,103382.0,101230.0,101999.0,2214380,2562248,0,0,0.0
20160107,102092.0,102239.0,99072.0,99277.0,2961785,2579137,0,0,0.0
20160108,99459.0,100892.0,98122.0,98173.0,2681576,2610790,0,0,0.0
20160111,98060.0,99056.0,97223.0,98315.0,2484686,2679953,0,0,0.0
20160112,98278.0,99634.0,97557.0,98867.0,2423038,2718509,0,0,0.0
20160113,98740.0,99954.0,96478.0,96633.0,2887347,2728789,0,0,0.0
20160114,96750.0,98978.0,96118.0,98328.0,3033976,2767647,0,0,0.0
20160115,98277.0,98644.0,95001.0,96299.0,3432315,2774821,0,0,0.0
20160119,96031.0,97951.0,95361.0,96196.0,2780626,2848559,0,0,0.0
20160120,96134.0,96462.0,92690.0,95272.0,3917784,2841234,0,0,0.0
20160121,95261.0,96706.0,94334.0,95580.0,2723416,2867832,0,0,0.0
20160122,95453.0,97682.0,95336.0,97545.0,2100487,2850850,0,0,0.0
20160125,97559.0,97785.0,95939.0,96056.0,1636585,2841461,0,0,0.0
20160126,96134.0,97554.0,95105.0,97378.0,1776173,2862213,0,0,0.0
20160127,96827.0,98080.0,95785.0,96299.0,2109008,2870149,0,0,0.0
20160128,96557.0,97695.0,95850.0,96595.0,2249377,2897826,0,0,0.0
20160129,96493.0,99261.0,96402.0,99124.0,2395768,2872487,0,0,0.0
20160201,99112.0,99620.0,98251.0,99189.0,1740254,2878549,0,0,0.0
20160202,99047.0,99068.0,97044.0,97455.0,2097985,2888962,0,0,0.0
20160203,97326.0,98195.0,95811.0,98020.0,2841210,2941058,0,0,0.0
20160204,97981.0,98709.0,97109.0,97982.0,2251965,2944156,0,0,0.0
20160205,97853.0,98311.0,95850.0,96313.0,2303794,2940610,0,0,0.0
20160208,96364.0,96770.0,93590.0,95118.0,2667662,2998346,0,0,0.0
20160209,95003.0,95705.0,93795.0,94926.0,2783150,3013528,0,0,0.0
20160210,95015.0,96424.0,94449.0,94849.0,2352799,3002017,0,0,0.0
20160211,94617.0,94858.0,92600.0,93706.0,3196586,3001438,0,0,0.0
20160212,93847.0,95551.0,93627.0,95440.0,2009632,3021157,0,0,0.0
20160216,95799.0,97194.0,95810.0,97006.0,2001436,2980271,0,0,0.0
20160217,96980.0,99004.0,96658.0,98752.0,1839284,3003822,0,0,0.0
20160218,98957.0,99286.0,98187.0,98430.0,1611837,2983644,0,0,0.0
20160219,98481.0,98734.0,97531.0,98327.0,1592600,2975816,0,0,0.0
20160222,98147.0,99812.0,98032.0,99445.0,1408894,2974705,0,0,0.0
20160223,99328.0,99516.0,98315.0,98404.0,1597020,2985993,0,0,0.0
20160224,98301.0,99298.0,96928.0,99136.0,2313945,2986569,0,0,0.0
20160225,99277.0,100209.0,98649.0,100176.0,1831957,3001982,0,0,0.0
20160226,100099.0,101095.0,99728.0,99778.0,1873573,3023219,0,0,0.0
20160229,99791.0,100453.0,98970.0,99097.0,1822667,3014453,0,0,0.0
20160301,99021.0,101595.0,98675.0,101588.0,2031654,3014983,0,0,0.0
20160302,101500.0,101916.0,101012.0,101870.0,1814091,3008297,0,0,0.0
20160303,101782.0,102313.0,101449.0,102230.0,1541249,3008594,0,0,0.0
20160304,102257.0,103083.0,101924.0,102461.0,2232860,3018684,0,0,0.0
20160307,102437.0,102929.0,101950.0,102666.0,1623905,3012243,201606,201606,0.0
20160308,102668.0,102686.0,101488.0,101716.0,152803,237303,0,0,-450.0
20160309,101753.0,102363.0,101605.0,102142.0,299594,332020,0,0,0.0
20160310,102204.0,103214.0,101050.0,102129.0,1046412,533496,0,0,0.0
20160311,102140.0,103821.0,102082.0,103728.0,1825950,875859,0,0,0.0
20160314,103674.0,103937.0,103321.0,103664.0,1648932,1329369,0,0,0.0
20160315,103662.0,103679.0,102960.0,103522.0,1909164,1761358,0,0,0.0
20160316,103533.0,104337.0,103063.0,104077.0,2041352,2333364,0,0,0.0
20160317,104061.0,105059.0,103515.0,104748.0,2095905,2630307,0,0,0.0
20160318,104797.0,105368.0,104611.0,105122.0,1762596,2781180,0,0,0.0
20160321,105067.0,105458.0,104817.0,105393.0,1274436,2810412,0,0,0.0
20160322,105416.0,105613.0,104701.0,105380.0,1490146,2804277,0,0,0.0
20160323,105403.0,105497.0,104520.0,104671.0,1552850,2811527,0,0,0.0
20160324,104629.0,104723.0,103849.0,104658.0,1519099,2811251,0,0,0.0
20160328,104746.0,105213.0,104352.0,104632.0,897439,2802444,0,0,0.0
20160329,104617.0,105703.0,104211.0,105638.0,1545524,2808249,0,0,0.0
20160330,105687.0,106489.0,105630.0,106038.0,1620038,2839325,0,0,0.0
20160331,106048.0,106245.0,105656.0,105844.0,1713801,2857423,0,0,0.0
20160401,105907.0,106618.0,105037.0,106541.0,2046111,2840616,0,0,0.0
20160404,106487.0,106850.0,106018.0,106154.0,1378158,2868902,0,0,0.0
20160405,106048.0,106025.0,104986.0,105187.0,1808361,2854772,0,0,0.0
20160406,105352.0,106283.0,105024.0,106296.0,1891760,2855118,0,0,0.0
20160407,106268.0,106360.0,104560.0,104993.0,2042558,2853456,0,0,0.0
20160408,104965.0,105961.0,104780.0,105290.0,1761930,2866053,0,0,0.0
20160411,105300.0,106077.0,104896.0,104967.0,1677144,2847223,0,0,0.0
20160412,104861.0,106180.0,104729.0,106064.0,1819008,2856177,0,0,0.0
20160413,106035.0,107134.0,106006.0,107108.0,1629947,2841320,0,0,0.0
20160414,107118.0,107380.0,106754.0,107134.0,1359458,2848286,0,0,0.0
20160415,107195.0,107289.0,106806.0,107057.0,1199733,2845632,0,0,0.0
20160418,106499.0,107741.0,106238.0,107664.0,1389594,2824244,0,0,0.0
20160419,107582.0,108243.0,107593.0,108025.0,1557462,2852963,0,0,0.0
20160420,108046.0,108592.0,107645.0,108244.0,1460332,2851161,0,0,0.0
20160421,108227.0,108527.0,107284.0,107458.0,1633196,2857101,0,0,0.0
20160422,107298.0,107753.0,107090.0,107625.0,1486065,2826367,0,0,0.0
20160425,107904.0,107882.0,106884.0,107484.0,1271999,2844218,0,0,0.0
20160426,107530.0,107870.0,107323.0,107754.0,1216501,2847329,0,0,0.0
20160427,107427.0,108011.0,107156.0,107871.0,1418675,2842322,0,0,0.0
20160428,107955.0,108024.0,106588.0,106929.0,1925295,2837325,0,0,0.0
20160429,106988.0,107082.0,105582.0,106232.0,2399687,2820781,0,0,0.0
20160502,106317.0,107159.0,106085.0,107019.0,1296317,2773168,0,0,0.0
20160503,107077.0,107095.0,105698.0,106128.0,1820986,2775854,0,0,0.0
20160504,106148.0,106270.0,105234.0,105612.0,1551545,2776044,0,0,0.0
20160505,105581.0,106257.0,105260.0,105457.0,1431702,2793137,0,0,0.0
20160506,105426.0,105973.0,104796.0,105909.0,1808770,2793851,0,0,0.0
20160509,105916.0,106244.0,105713.0,105986.0,1363929,2784714,0,0,0.0
20160510,105968.0,107276.0,105700.0,107185.0,1400565,2786287,0,0,0.0
20160511,107168.0,107224.0,106190.0,106179.0,1459270,2818389,0,0,0.0
20160512,106226.0,106915.0,105725.0,106218.0,1792611,2791285,0,0,0.0
20160513,106239.0,106437.0,105209.0,105431.0,1867129,2788453,0,0,0.0
20160516,105310.0,106695.0,105028.0,106425.0,1413480,2795106,0,0,0.0
20160517,106380.0,106747.0,105119.0,105431.0,1976187,2807176,0,0,0.0
20160518,105439.0,106141.0,104809.0,105328.0,2076690,2803597,0,0,0.0
20160519,105426.0,105470.0,104357.0,105187.0,2052205,2825083,0,0,0.0
20160520,105181.0,106024.0,105145.0,105767.0,1571765,2849694,0,0,0.0
20160523,105929.0,106050.0,105467.0,105522.0,1177953,2883517,0,0,0.0
20160524,105503.0,107147.0,105351.0,107056.0,1591313,2890979,0,0,0.0
20160525,107051.0,107933.0,107015.0,107689.0,1438011,2921127,0,0,0.0
20160526,107761.0,107895.0,107479.0,107818.0,966381,2921940,0,0,0.0
20160527,107851.0,108256.0,107763.0,108205.0,1027854,2915095,0,0,0.0
