Date,Open,High,Low,Close,Volume,OI,P,R,RINFO
20140603,121060.8,121107.0,120136.8,120363.6,125625,80868,0,0,0.0
20140604,120435.0,120931.0,119574.0,119620.0,131176,83234,0,0,0.0
20140605,119704.0,121128.0,119511.0,120947.0,109470,83404,0,0,0.0
20140606,121023.0,121548.0,120191.0,120590.0,103812,80622,0,0,0.0
20140609,120754.0,121922.0,120447.0,121430.0,116844,74209,0,0,0.0
20140610,121304.0,121691.0,120489.0,121132.0,114741,67921,201408,201408,0.0
20140611,121102.0,121972.0,121022.0,121846.0,107605,47057,0,0,415.8
20140612,121768.0,125643.0,121717.0,125354.0,182888,51662,0,0,0.0
20140613,125397.0,126836.0,124952.0,125333.0,134996,53876,0,0,0.0
20140616,125569.0,126103.0,125165.0,125798.0,112031,55363,0,0,0.0
20140617,125690.0,126915.0,124935.0,126652.0,127452,58037,0,0,0.0
20140618,126602.0,127827.0,126413.0,127552.0,107958,64159,0,0,0.0
20140619,127548.0,128848.0,127363.0,128079.0,128512,67115,0,0,0.0
20140620,127992.0,128279.0,127572.0,128020.0,103723,70901,0,0,0.0
20140623,128164.0,128672.0,126806.0,127267.0,111608,78139,0,0,0.0
20140624,127406.0,128182.0,126890.0,127623.0,121998,84020,0,0,0.0
20140625,127536.0,128010.0,126555.0,127075.0,118563,86988,0,0,0.0
20140626,127452.0,127453.0,126220.0,126351.0,93284,89524,0,0,0.0
20140627,126397.0,126875.0,125617.0,125719.0,117910,87464,0,0,0.0
20140630,125652.0,125703.0,124416.0,124539.0,108600,86200,0,0,0.0
20140701,124627.0,124878.0,124090.0,124660.0,134100,85375,0,0,0.0
20140702,124434.0,124773.0,122981.0,123316.0,132405,82737,0,0,0.0
20140703,123032.0,123057.0,122416.0,122575.0,114944,76201,0,0,0.0
20140707,122124.0,122777.0,121529.0,121993.0,102248,71473,0,0,0.0
20140708,121701.0,121818.0,120131.0,120281.0,150503,64093,0,0,0.0
20140709,120621.0,120621.0,119650.0,120176.0,125240,65215,0,0,0.0
20140710,120295.0,121667.0,119817.0,121105.0,126731,64649,201409,201409,0.0
20140711,121320.0,121320.0,119352.0,119791.0,143888,70260,0,0,483.0
20140714,120069.0,120795.0,119673.0,120300.0,135868,72531,0,0,0.0
20140715,120298.0,120299.0,118414.0,119595.0,182726,72280,0,0,0.0
20140716,119598.0,120116.0,119323.0,119658.0,117546,74102,0,0,0.0
20140717,119661.0,120362.0,119281.0,119741.0,145701,76601,0,0,0.0
20140718,120332.0,120395.0,118977.0,119124.0,108631,79787,0,0,0.0
20140721,119206.0,119878.0,119010.0,119695.0,106509,83499,0,0,0.0
20140722,119685.0,120445.0,119018.0,119382.0,134068,86782,0,0,0.0
20140723,119172.0,120695.0,118910.0,120303.0,114306,88069,0,0,0.0
20140724,120556.0,120662.0,119810.0,120032.0,143603,94788,0,0,0.0
20140725,120222.0,121963.0,119973.0,121879.0,163200,95037,0,0,0.0
20140728,121885.0,122051.0,120294.0,120737.0,124178,100246,0,0,0.0
20140729,120868.0,121747.0,120644.0,121454.0,125125,106477,0,0,0.0
20140730,121397.0,121722.0,120073.0,120770.0,108029,109405,0,0,0.0
20140731,120442.0,120926.0,119589.0,120478.0,117239,112272,0,0,0.0
20140801,120279.0,120838.0,119176.0,119486.0,130233,107484,0,0,0.0
20140804,119491.0,120521.0,119276.0,119699.0,121628,103891,0,0,0.0
20140805,119670.0,119821.0,118030.0,118686.0,145105,102041,0,0,0.0
20140806,119332.0,120305.0,118739.0,119903.0,131213,98904,0,0,0.0
20140807,120024.0,121160.0,119523.0,120720.0,138097,92607,0,0,0.0
20140808,121004.0,121606.0,119586.0,119936.0,128562,85300,201410,201410,0.0
20140811,119628.0,120714.0,119269.0,119748.0,113981,65142,0,0,546.0
20140812,119852.0,120133.0,117377.0,118378.0,139668,66588,0,0,0.0
20140813,118736.0,120718.0,118157.0,120644.0,167577,66504,0,0,0.0
20140814,120537.0,120643.0,117090.0,117282.0,182532,70738,0,0,0.0
20140815,117607.0,118821.0,117078.0,118452.0,140017,72272,0,0,0.0
20140818,117914.0,118356.0,116530.0,116709.0,121389,74125,0,0,0.0
20140819,116930.0,117368.0,116704.0,117141.0,117822,76696,0,0,0.0
20140820,117142.0,117746.0,116862.0,117502.0,107275,78914,0,0,0.0
20140821,117503.0,118153.0,116601.0,117909.0,133915,83600,0,0,0.0
20140822,117823.0,118576.0,117531.0,117627.0,128370,87805,0,0,0.0
20140825,117317.0,118572.0,117207.0,117934.0,97568,90045,0,0,0.0
20140826,117940.0,119066.0,117912.0,118237.0,118278,93762,0,0,0.0
20140827,118089.0,119012.0,117875.0,118884.0,114103,98560,0,0,0.0
20140828,118736.0,119971.0,118170.0,118353.0,143495,100098,0,0,0.0
20140829,118383.0,118933.0,118241.0,118697.0,93781,103042,0,0,0.0
20140902,118694.0,118829.0,115929.0,116066.0,93781,103042,0,0,0.0
20140903,116403.0,119182.0,116062.0,118934.0,145242,100520,0,0,0.0
20140904,118627.0,119282.0,117485.0,117710.0,110654,96588,0,0,0.0
20140905,117984.0,118361.0,116331.0,117000.0,111538,97094,0,0,0.0
20140908,117142.0,117278.0,115709.0,116593.0,116752,90089,0,0,0.0
20140909,116656.0,116797.0,115684.0,115850.0,118436,84507,0,0,0.0
20140910,115876.0,116120.0,113858.0,114265.0,225905,78114,201411,201411,0.0
20140911,114378.0,114630.0,112924.0,114298.0,169319,69137,0,0,407.4
20140912,114287.0,114961.0,113478.0,113645.0,116240,73127,0,0,0.0
20140915,113419.0,114196.0,112990.0,113562.0,101589,76319,0,0,0.0
20140916,113638.0,114655.0,113015.0,114273.0,119643,79365,0,0,0.0
20140917,114089.0,114593.0,113524.0,113826.0,99723,80681,0,0,0.0
20140918,113655.0,113675.0,112035.0,112478.0,176882,81868,0,0,0.0
20140919,112452.0,113063.0,112105.0,112602.0,117775,85525,0,0,0.0
20140922,112452.0,112558.0,110881.0,111365.0,150063,92452,0,0,0.0
20140923,111352.0,111830.0,110840.0,111187.0,134044,93808,0,0,0.0
20140924,110951.0,111714.0,110017.0,111369.0,165884,95941,0,0,0.0
20140925,111381.0,112169.0,110881.0,111625.0,128545,97166,0,0,0.0
20140926,111666.0,112388.0,111195.0,111757.0,113690,99280,0,0,0.0
20140929,111699.0,112309.0,110955.0,111997.0,137010,102389,0,0,0.0
20140930,111753.0,112508.0,109078.0,109611.0,139166,106065,0,0,0.0
20141001,110115.0,111536.0,109384.0,109822.0,159263,101408,0,0,0.0
20141002,109954.0,110291.0,107718.0,109094.0,139179,101415,0,0,0.0
20141003,109540.0,109824.0,107288.0,108197.0,134620,101282,0,0,0.0
20141006,108113.0,108889.0,107189.0,108404.0,112423,97861,0,0,0.0
20141007,108506.0,108703.0,107110.0,107825.0,118595,96171,0,0,0.0
20141008,107666.0,107702.0,106097.0,106526.0,135088,92799,0,0,0.0
20141009,106773.0,106929.0,103728.0,104901.0,145231,88134,201412,201412,0.0
20141010,104213.0,106011.0,103385.0,105641.0,178012,76117,0,0,268.8
20141013,105892.0,105908.0,103983.0,105439.0,131530,77705,0,0,0.0
20141014,105228.0,105277.0,101314.0,101842.0,194056,82771,0,0,0.0
20141015,102448.0,102463.0,100147.0,101198.0,188381,86918,0,0,0.0
20141016,100695.0,103853.0,99636.0,101639.0,172401,93954,0,0,0.0
20141017,102254.0,103123.0,101393.0,102712.0,127975,98597,0,0,0.0
20141020,103067.0,103082.0,101302.0,102011.0,149876,104218,0,0,0.0
20141021,101627.0,103334.0,101615.0,102993.0,144664,107932,0,0,0.0
20141022,102992.0,103759.0,101104.0,101446.0,201717,108024,0,0,0.0
20141023,101387.0,102954.0,100683.0,102568.0,156413,107692,0,0,0.0
20141024,102352.0,102467.0,100720.0,101792.0,133887,109628,0,0,0.0
20141027,101853.0,102001.0,100324.0,101598.0,98465,112781,0,0,0.0
20141028,101354.0,102801.0,101009.0,102332.0,107158,111810,0,0,0.0
20141029,102422.0,104909.0,102399.0,104098.0,192490,113490,0,0,0.0
20141030,103886.0,104051.0,102733.0,103335.0,147298,117087,0,0,0.0
20141031,103090.0,104018.0,101471.0,103578.0,135331,123151,0,0,0.0
20141103,103577.0,104567.0,102086.0,102712.0,149614,121617,0,0,0.0
20141104,102014.0,102545.0,100222.0,100765.0,161151,117175,0,0,0.0
20141105,100624.0,102438.0,99562.0,100600.0,163497,117225,0,0,0.0
20141106,100855.0,101605.0,99917.0,101425.0,151668,111573,0,0,0.0
20141107,101358.0,103412.0,100775.0,103108.0,193457,105605,0,0,0.0
20141110,103152.0,105075.0,101451.0,101862.0,200271,99584,201501,201501,0.0
20141111,101436.0,101977.0,100341.0,101792.0,158773,83832,0,0,-491.4
20141112,101129.0,102097.0,100084.0,100777.0,176250,89920,0,0,0.0
20141113,100379.0,100588.0,96897.0,97076.0,232055,93992,0,0,0.0
20141114,97415.0,99241.0,96416.0,98858.0,240173,98453,0,0,0.0
20141117,99044.0,99229.0,97320.0,98597.0,148110,101367,0,0,0.0
20141118,98364.0,99067.0,97581.0,97926.0,136628,107090,0,0,0.0
20141119,98128.0,99220.0,96968.0,97039.0,158122,107252,0,0,0.0
20141120,97117.0,98582.0,96599.0,97943.0,132657,109484,0,0,0.0
20141121,98269.0,100331.0,97523.0,98702.0,208137,114148,0,0,0.0
20141124,98559.0,99058.0,97680.0,98101.0,130282,115580,0,0,0.0
20141125,98041.0,99315.0,96822.0,97309.0,151610,114822,0,0,0.0
20141126,97345.0,98047.0,96366.0,96538.0,137380,114822,0,0,0.0
20141128,96396.0,96410.0,89192.0,89579.0,93480,113442,0,0,0.0
20141201,89590.0,92207.0,87426.0,91701.0,131591,113510,0,0,0.0
20141202,91861.0,92033.0,89092.0,89297.0,188184,109183,0,0,0.0
20141203,89702.0,90089.0,87927.0,88427.0,140839,104691,0,0,0.0
20141204,88442.0,89036.0,87434.0,87776.0,109916,102945,0,0,0.0
20141205,87659.0,88335.0,86866.0,87366.0,159975,102561,0,0,0.0
20141208,87124.0,87137.0,84930.0,85173.0,170889,93344,0,0,0.0
20141209,85010.0,86507.0,84404.0,86379.0,153697,89881,0,0,0.0
20141210,86063.0,86076.0,83927.0,84821.0,232923,76112,201502,201502,0.0
20141211,85251.0,85935.0,84428.0,84788.0,258829,77497,0,0,-1545.6
20141212,84251.0,84783.0,82605.0,82834.0,152357,81251,0,0,0.0
20141215,82719.0,84568.0,80655.0,81564.0,222697,86768,0,0,0.0
20141216,81031.0,81432.0,78827.0,80336.0,144259,89587,0,0,0.0
20141217,80018.0,84002.0,79182.0,81910.0,157516,87615,0,0,0.0
20141218,81347.0,84065.0,79520.0,79660.0,145124,88573,0,0,0.0
20141219,80343.0,82592.0,79621.0,81344.0,151280,92471,0,0,0.0
20141222,81470.0,82723.0,80077.0,80740.0,129429,93106,0,0,0.0
20141223,80141.0,82942.0,80119.0,82378.0,103880,96633,0,0,0.0
20141224,82078.0,82457.0,79410.0,79727.0,77539,98149,0,0,0.0
20141226,79769.0,80571.0,78996.0,79529.0,49731,99303,0,0,0.0
20141229,79908.0,80660.0,76784.0,76887.0,106242,101346,0,0,0.0
20141231,77519.0,78305.0,75661.0,77394.0,81271,103045,0,0,0.0
20150102,78215.0,79246.0,75429.0,75794.0,95688,104259,0,0,0.0
20150105,75776.0,75950.0,73382.0,73831.0,167178,103350,0,0,0.0
20150106,73856.0,74401.0,71858.0,72860.0,191167,100053,0,0,0.0
20150107,71830.0,72827.0,70550.0,71750.0,193282,102327,0,0,0.0
20150108,71619.0,72570.0,70765.0,72219.0,183112,94570,201503,201503,0.0
20150109,72117.0,72671.0,70102.0,71350.0,188449,81749,0,0,-907.2
20150112,71215.0,71299.0,68657.0,69007.0,161705,87334,0,0,0.0
20150113,68898.0,69094.0,66972.0,68468.0,210659,91523,0,0,0.0
20150114,68167.0,70128.0,66809.0,69776.0,182224,96819,0,0,0.0
20150115,69492.0,72244.0,67899.0,68134.0,162663,101971,0,0,0.0
20150116,68111.0,70111.0,67595.0,69968.0,146118,104923,0,0,0.0
20150120,69940.0,69983.0,67843.0,68001.0,161256,113584,0,0,0.0
20150121,68376.0,69530.0,67993.0,69143.0,160638,115845,0,0,0.0
20150122,68761.0,70799.0,68519.0,68852.0,171367,118289,0,0,0.0
20150123,68941.0,70329.0,68955.0,69309.0,130230,120913,0,0,0.0
20150126,69014.0,70483.0,68382.0,69018.0,157020,125473,0,0,0.0
20150127,68886.0,70286.0,68369.0,70125.0,117890,131176,0,0,0.0
20150128,69822.0,69829.0,68467.0,68804.0,158477,130539,0,0,0.0
20150129,68505.0,69303.0,68219.0,68607.0,152944,131207,0,0,0.0
20150130,68603.0,72816.0,67984.0,72716.0,148010,132002,0,0,0.0
20150202,72266.0,75949.0,71555.0,75140.0,161664,124456,0,0,0.0
20150203,75549.0,80125.0,75498.0,78945.0,165692,119635,0,0,0.0
20150204,78212.0,79163.0,74771.0,75529.0,168498,112453,0,0,0.0
20150205,75741.0,78522.0,74484.0,77209.0,168661,110717,0,0,0.0
20150206,77609.0,79796.0,77272.0,78628.0,169670,106754,0,0,0.0
20150209,78579.0,81292.0,78273.0,80073.0,170324,100593,0,0,0.0
20150210,79695.0,79997.0,77931.0,78354.0,165291,90249,201504,201504,0.0
20150211,78938.0,79018.0,76276.0,77307.0,239420,81363,0,0,-982.8
20150212,77778.0,81702.0,77450.0,81192.0,242551,87745,0,0,0.0
20150213,81531.0,83421.0,81059.0,83236.0,245270,88700,0,0,0.0
20150217,83479.0,84049.0,81423.0,83184.0,190894,95751,0,0,0.0
20150218,82752.0,82962.0,80305.0,81672.0,204660,104404,0,0,0.0
20150219,80583.0,82248.0,79113.0,81629.0,197566,104452,0,0,0.0
20150220,81410.0,83655.0,81293.0,82733.0,261224,94618,0,0,0.0
20150223,82774.0,83681.0,81345.0,81962.0,192317,97636,0,0,0.0
20150224,82177.0,82530.0,80730.0,81187.0,145641,96317,0,0,0.0
20150225,80740.0,84262.0,80557.0,84059.0,128357,100616,0,0,0.0
20150226,85264.0,85258.0,81567.0,82006.0,136912,100598,0,0,0.0
20150227,82558.0,85652.0,82455.0,85488.0,140156,101625,0,0,0.0
20150302,85480.0,85475.0,81597.0,81746.0,149200,101875,0,0,0.0
20150303,82298.0,84562.0,81900.0,84007.0,154229,97315,0,0,0.0
20150304,83852.0,83848.0,81376.0,82352.0,170173,93740,0,0,0.0
20150305,81904.0,82744.0,81038.0,81312.0,159394,89186,0,0,0.0
20150306,81597.0,82294.0,80535.0,80952.0,142266,84849,0,0,0.0
20150309,80740.0,81502.0,79599.0,79687.0,140410,80956,0,0,0.0
20150310,79662.0,80004.0,77926.0,78548.0,153718,79526,201505,201505,0.0
20150311,78554.0,79822.0,78052.0,79345.0,175369,76766,0,0,-1701.0
20150312,79927.0,80397.0,77356.0,77972.0,175564,80705,0,0,0.0
20150313,77934.0,78157.0,74949.0,75146.0,128315,78928,0,0,0.0
20150316,74896.0,75231.0,73096.0,74442.0,129890,78924,0,0,0.0
20150317,74484.0,74833.0,73145.0,74194.0,127240,81242,0,0,0.0
20150318,73908.0,78290.0,73584.0,77436.0,148411,81894,0,0,0.0
20150319,77685.0,77710.0,74803.0,75416.0,80235,85147,0,0,0.0
20150320,75391.0,76311.0,74298.0,76005.0,80236,85625,0,0,0.0
20150323,75670.0,76962.0,74777.0,76094.0,108697,88068,0,0,0.0
20150324,76139.0,77245.0,74941.0,75328.0,138506,92371,0,0,0.0
20150325,75364.0,76931.0,74799.0,76298.0,140001,97121,0,0,0.0
20150326,76174.0,79653.0,76045.0,79088.0,130392,100734,0,0,0.0
20150327,78724.0,79082.0,76001.0,76253.0,122087,101884,0,0,0.0
20150330,76320.0,76869.0,75473.0,76541.0,110550,102387,0,0,0.0
20150331,76524.0,76590.0,75056.0,75651.0,113297,101639,0,0,0.0
20150401,75594.0,78170.0,75224.0,77374.0,129601,102048,0,0,0.0
20150402,76909.0,77409.0,73819.0,74522.0,135171,99344,0,0,0.0
20150406,74846.0,78617.0,74581.0,78145.0,87490,97123,0,0,0.0
20150407,78123.0,79188.0,77072.0,79009.0,106358,93663,0,0,0.0
20150408,78225.0,78524.0,75170.0,75213.0,152482,88152,0,0,0.0
20150409,75781.0,78192.0,75640.0,76484.0,139994,81209,201506,201506,0.0
20150410,76706.0,78489.0,76172.0,78194.0,139994,58574,0,0,235.2
20150413,79006.0,80620.0,78695.0,79210.0,24603,43546,0,0,0.0
20150414,79289.0,80802.0,79331.0,80111.0,23305,46816,0,0,0.0
20150415,80423.0,84005.0,80502.0,83939.0,15950,50233,0,0,0.0
20150416,83323.0,85469.0,82751.0,84747.0,14326,51227,0,0,0.0
20150417,84399.0,84957.0,83476.0,83731.0,10835,50353,0,0,0.0
20150420,84020.0,84516.0,82376.0,83523.0,9518,49960,0,0,0.0
20150421,83632.0,83704.0,82045.0,82367.0,9538,49089,0,0,0.0
20150422,81915.0,83501.0,81748.0,83038.0,8608,49550,0,0,0.0
20150423,82987.0,86197.0,82605.0,85365.0,14835,49101,0,0,0.0
20150424,85318.0,86021.0,85067.0,85665.0,9111,49459,0,0,0.0
20150427,85826.0,85946.0,84784.0,85321.0,7894,50289,0,0,0.0
20150428,84903.0,85964.0,84554.0,85109.0,8917,51139,0,0,0.0
20150429,84917.0,87221.0,84537.0,86469.0,12762,51565,0,0,0.0
20150430,86241.0,87728.0,86039.0,87692.0,19065,52505,0,0,0.0
20150501,87710.0,87983.0,86644.0,87776.0,19716,54105,0,0,0.0
20150504,87746.0,88235.0,87112.0,87674.0,14546,56340,0,0,0.0
20150505,87666.0,90181.0,87501.0,89185.0,19037,58980,0,0,0.0
20150506,89291.0,90988.0,88694.0,89269.0,23270,60849,0,0,0.0
20150507,89062.0,89806.0,86560.0,86875.0,27730,63401,0,0,0.0
20150508,86970.0,87406.0,85460.0,86553.0,24068,67585,201507,201507,0.0
20150511,86524.0,86846.0,85487.0,86019.0,7521,37449,0,0,424.0
20150512,85834.0,88694.0,85917.0,88210.0,17850,38223,0,0,0.0
20150513,88921.0,89436.0,88176.0,88491.0,12311,38701,0,0,0.0
20150514,88298.0,89414.0,87763.0,88469.0,16594,39927,0,0,0.0
20150515,88007.0,88808.0,86840.0,88443.0,11181,40786,0,0,0.0
20150518,88583.0,89300.0,87491.0,87648.0,6936,41305,0,0,0.0
20150519,87603.0,87666.0,84986.0,85091.0,12983,41203,0,0,0.0
20150520,85372.0,86227.0,85346.0,85987.0,16985,41492,0,0,0.0
20150521,85755.0,88075.0,85839.0,87726.0,11218,43503,0,0,0.0
20150522,87432.0,87548.0,86142.0,86342.0,11769,44203,0,0,0.0
20150526,86440.0,87425.0,83922.0,84036.0,14286,42968,0,0,0.0
20150527,84095.0,84691.0,82001.0,82021.0,16946,41304,0,0,0.0
20150528,82189.0,82891.0,81434.0,82587.0,18125,40630,0,0,0.0
20150529,83129.0,86437.0,82775.0,85965.0,26017,40603,0,0,0.0
20150601,85957.0,86165.0,84631.0,84990.0,16464,41630,0,0,0.0
20150602,84767.0,86033.0,84767.0,85833.0,17296,41807,0,0,0.0
20150603,85667.0,85730.0,83202.0,83501.0,23288,42632,0,0,0.0
20150604,83396.0,83575.0,81246.0,81362.0,24784,47690,0,0,0.0
20150605,81236.0,82618.0,80353.0,82530.0,25460,49375,0,0,0.0
20150608,82216.0,82320.0,81720.0,81889.0,19946,53227,0,0,0.0
20150609,81865.0,85014.0,81945.0,84617.0,26171,58076,0,0,0.0
20150610,84873.0,86103.0,84696.0,85807.0,29409,62793,201508,201508,0.0
20150611,85352.0,85792.0,84151.0,84643.0,19156,53500,0,0,739.0
20150612,84294.0,84457.0,83159.0,83290.0,12805,55833,0,0,0.0
20150615,82967.0,83247.0,81913.0,82489.0,14029,58941,0,0,0.0
20150616,82219.0,83086.0,82114.0,82950.0,13229,61314,0,0,0.0
20150617,82906.0,85509.0,82305.0,83886.0,21561,65205,0,0,0.0
20150618,83794.0,84730.0,83481.0,84135.0,14864,66228,0,0,0.0
20150619,83994.0,84174.0,81652.0,82172.0,20183,66716,0,0,0.0
20150622,81936.0,82777.0,81135.0,82324.0,15798,64699,0,0,0.0
20150623,82188.0,84644.0,82006.0,84125.0,25848,65596,0,0,0.0
20150624,84577.0,84849.0,82110.0,82607.0,18275,65035,0,0,0.0
20150625,82758.0,83004.0,81549.0,81915.0,11256,66536,0,0,0.0
20150626,82058.0,82543.0,81370.0,81980.0,9139,66954,0,0,0.0
20150629,81219.0,82195.0,80090.0,80914.0,16542,66658,0,0,0.0
20150630,80927.0,83396.0,80922.0,82890.0,19536,64940,0,0,0.0
20150701,82268.0,82443.0,80455.0,80726.0,21296,65818,0,0,0.0
20150702,80823.0,82204.0,80499.0,80779.0,18432,65597,0,0,0.0
20150706,80580.0,80555.0,74985.0,75111.0,21469,65610,0,0,0.0
20150707,75545.0,76252.0,73557.0,75242.0,31158,68259,0,0,0.0
20150708,75523.0,75991.0,74219.0,75317.0,28105,69801,0,0,0.0
20150709,75701.0,77223.0,75452.0,76291.0,26456,74565,201509,201509,0.0
20150710,69478.0,69566.0,67955.0,68761.0,11436,40722,0,0,8169.0
20150713,68512.0,69023.0,66411.0,67966.0,11454,42224,0,0,0.0
20150714,67659.0,68608.0,66736.0,68304.0,13574,43374,0,0,0.0
20150715,68489.0,68480.0,66012.0,66219.0,22989,44091,0,0,0.0
20150716,66135.0,66812.0,65880.0,65995.0,18835,46248,0,0,0.0
20150717,65898.0,66482.0,65377.0,65855.0,20412,48940,0,0,0.0
20150720,65755.0,66087.0,65009.0,65483.0,14528,50993,0,0,0.0
20150721,65297.0,66482.0,65060.0,66181.0,15413,49111,0,0,0.0
20150722,66217.0,66346.0,65424.0,65627.0,19683,47488,0,0,0.0
20150723,65402.0,66032.0,64680.0,64995.0,17736,48671,0,0,0.0
20150724,65270.0,65388.0,63886.0,64014.0,15176,47527,0,0,0.0
20150727,63800.0,64259.0,62349.0,62798.0,12428,48999,0,0,0.0
20150728,62124.0,63848.0,61784.0,63077.0,16820,50135,0,0,0.0
20150729,62639.0,63860.0,62144.0,62938.0,13144,48334,0,0,0.0
20150730,62810.0,63902.0,62706.0,63016.0,10903,49469,0,0,0.0
20150731,62841.0,63410.0,61780.0,62237.0,14092,49707,0,0,0.0
20150803,61852.0,62157.0,59879.0,60000.0,16026,51487,0,0,0.0
20150804,60443.0,61226.0,60169.0,60667.0,15344,52350,0,0,0.0
20150805,60924.0,61505.0,59581.0,60255.0,16830,52391,0,0,0.0
20150806,60393.0,60858.0,59766.0,60584.0,28176,52533,0,0,0.0
20150807,60711.0,61036.0,59875.0,60317.0,30382,60039,0,0,0.0
20150810,60249.0,62471.0,59929.0,62119.0,33986,63000,201510,201510,0.0
20150811,67826.0,68266.0,66056.0,66812.0,21299,50283,0,0,-5796.0
20150812,66651.0,68043.0,66368.0,67768.0,25611,54261,0,0,0.0
20150813,67792.0,68232.0,66760.0,67157.0,17589,57251,0,0,0.0
20150814,67059.0,67260.0,66270.0,66736.0,9909,61715,0,0,0.0
20150817,66180.0,67235.0,65946.0,66577.0,15227,62513,0,0,0.0
20150818,66331.0,66801.0,65971.0,66648.0,12317,63699,0,0,0.0
20150819,66381.0,66797.0,64450.0,65026.0,21622,63822,0,0,0.0
20150820,64983.0,65088.0,63717.0,64112.0,12290,64953,0,0,0.0
20150821,64018.0,63973.0,62276.0,62722.0,13630,65346,0,0,0.0
20150824,62674.0,62630.0,59499.0,59844.0,18175,65170,0,0,0.0
20150825,60059.0,61755.0,59870.0,60273.0,27524,65160,0,0,0.0
20150826,60543.0,60521.0,59528.0,59759.0,23706,67596,0,0,0.0
20150827,60733.0,64722.0,60392.0,64528.0,18986,66144,0,0,0.0
20150828,64524.0,68539.0,63763.0,67688.0,21334,66820,0,0,0.0
20150831,67321.0,72457.0,65774.0,72394.0,23563,67111,0,0,0.0
20150901,71263.0,71211.0,66292.0,67254.0,26830,69067,0,0,0.0
20150902,66352.0,68963.0,65770.0,68476.0,25745,66130,0,0,0.0
20150903,68357.0,70681.0,67843.0,68880.0,21062,66591,0,0,0.0
20150904,68879.0,69124.0,67624.0,67974.0,16993,65384,0,0,0.0
20150908,67633.0,68210.0,66128.0,67831.0,24457,65056,0,0,0.0
20150909,67687.0,68160.0,65504.0,65590.0,29502,69601,0,0,0.0
20150910,65678.0,67121.0,64977.0,67090.0,21724,73599,201511,201511,0.0
20150911,68870.0,69347.0,67189.0,68185.0,18004,63192,0,0,-1306.0
20150914,68068.0,68103.0,66196.0,66260.0,16681,63925,0,0,0.0
20150915,66642.0,66709.0,65774.0,66291.0,28123,65539,0,0,0.0
20150916,66390.0,68811.0,66157.0,68103.0,26739,65233,0,0,0.0
20150917,68528.0,68468.0,66814.0,67523.0,16173,63955,0,0,0.0
20150918,67734.0,68241.0,65611.0,65887.0,26618,63603,0,0,0.0
20150921,66124.0,67249.0,65912.0,67150.0,25253,63240,0,0,0.0
20150922,66721.0,67777.0,65843.0,67751.0,36616,61248,0,0,0.0
20150923,67515.0,69329.0,66393.0,66471.0,31700,64895,0,0,0.0
20150924,66575.0,67287.0,66200.0,67090.0,22193,65379,0,0,0.0
20150925,67408.0,67956.0,66454.0,67219.0,17840,66297,0,0,0.0
20150928,66914.0,66854.0,65370.0,65454.0,17598,65861,0,0,0.0
20150929,65304.0,67017.0,65366.0,66433.0,15615,66385,0,0,0.0
20150930,66532.0,67197.0,66088.0,66872.0,17078,66018,0,0,0.0
20151001,67078.0,68630.0,66147.0,66201.0,33166,66220,0,0,0.0
20151002,66343.0,67034.0,65073.0,66287.0,28745,63956,0,0,0.0
20151005,66056.0,68192.0,66032.0,67486.0,22223,66207,0,0,0.0
20151006,67443.0,70432.0,67132.0,70184.0,27277,67187,0,0,0.0
20151007,70521.0,71169.0,68937.0,68989.0,36837,70134,0,0,0.0
20151008,69319.0,70457.0,68632.0,70059.0,36507,73465,201512,201512,0.0
20151009,68193.0,69192.0,67136.0,67589.0,21955,45702,0,0,3125.0
20151012,67874.0,68105.0,64421.0,64472.0,29165,48339,0,0,0.0
20151013,65040.0,65201.0,62997.0,63221.0,43445,50800,0,0,0.0
20151014,63182.0,63795.0,62940.0,63484.0,21645,57030,0,0,0.0
20151015,63326.0,63872.0,62258.0,63377.0,27584,58585,0,0,0.0
20151016,63831.0,64151.0,62903.0,63943.0,15430,60278,0,0,0.0
20151019,63925.0,63909.0,61935.0,61962.0,23415,61456,0,0,0.0
20151020,62186.0,62310.0,61283.0,61856.0,21511,62877,0,0,0.0
20151021,61645.0,62081.0,61065.0,61503.0,24952,63766,0,0,0.0
20151022,61710.0,62519.0,61602.0,61979.0,20282,63506,0,0,0.0
20151023,62432.0,62901.0,61561.0,61774.0,25538,63097,0,0,0.0
20151026,61637.0,61958.0,60556.0,60642.0,20302,64006,0,0,0.0
20151027,60657.0,60830.0,59814.0,60368.0,22012,64924,0,0,0.0
20151028,60374.0,63106.0,60254.0,62706.0,25001,65664,0,0,0.0
20151029,62740.0,63192.0,62071.0,62587.0,21072,67077,0,0,0.0
20151030,62380.0,63836.0,62125.0,63301.0,23355,67058,0,0,0.0
20151102,63184.0,63663.0,62478.0,62899.0,17544,65830,0,0,0.0
20151103,62999.0,65627.0,62793.0,65118.0,37889,67134,0,0,0.0
20151104,65107.0,65640.0,62638.0,62690.0,34057,70010,0,0,0.0
20151105,63134.0,63188.0,61924.0,61960.0,24326,71586,0,0,0.0
20151106,62141.0,62938.0,61657.0,61923.0,33046,74762,0,0,0.0
20151109,62018.0,63114.0,61370.0,61464.0,31879,84315,201601,201601,0.0
20151110,61444.0,62163.0,61029.0,61656.0,12494,45106,0,0,853.0
20151111,61323.0,61936.0,59960.0,60106.0,12689,46677,0,0,0.0
20151112,60518.0,60621.0,58624.0,58662.0,19522,49354,0,0,0.0
20151113,58636.0,59383.0,57576.0,57748.0,14294,50866,0,0,0.0
20151116,58029.0,58335.0,56564.0,57845.0,13286,52905,0,0,0.0
20151117,57908.0,58509.0,56969.0,57019.0,13908,53707,0,0,0.0
20151118,57394.0,58279.0,56904.0,57541.0,15899,52860,0,0,0.0
20151119,57596.0,58178.0,57200.0,57379.0,15882,53102,0,0,0.0
20151120,57758.0,58449.0,57107.0,57451.0,18393,53411,0,0,0.0
20151123,57252.0,58688.0,56520.0,57585.0,14833,57237,0,0,0.0
20151124,57725.0,59161.0,57730.0,58661.0,16786,56772,0,0,0.0
20151125,58599.0,58967.0,57609.0,58580.0,17523,56361,0,0,0.0
20151127,58737.0,58732.0,56702.0,56722.0,9341,56305,0,0,0.0
20151130,56888.0,57971.0,55642.0,55755.0,22617,56140,0,0,0.0
20151201,55945.0,57211.0,55682.0,56492.0,28499,55516,0,0,0.0
20151202,56147.0,56733.0,54019.0,54064.0,36402,52683,0,0,0.0
20151203,54411.0,57369.0,54411.0,56075.0,36618,52115,0,0,0.0
20151204,56616.0,57053.0,54876.0,55424.0,19687,52160,0,0,0.0
20151207,55556.0,55665.0,52650.0,52806.0,32695,51492,0,0,0.0
20151208,52954.0,53177.0,51537.0,52032.0,25894,56141,0,0,0.0
20151209,51825.0,52671.0,50781.0,51272.0,26570,56431,0,0,0.0
20151210,51494.0,51838.0,50351.0,50733.0,29038,60218,201602,201602,0.0
20151211,50531.0,50527.0,46696.0,46977.0,33846,56532,0,0,2155.0
20151214,47110.0,47624.0,44984.0,46733.0,26677,57009,0,0,0.0
20151215,46508.0,49050.0,46201.0,47372.0,21343,57532,0,0,0.0
20151216,47204.0,47732.0,45670.0,45864.0,24141,58049,0,0,0.0
20151217,46229.0,46757.0,45210.0,45403.0,16282,58311,0,0,0.0
20151218,45588.0,46741.0,44717.0,45229.0,20025,57348,0,0,0.0
20151221,45323.0,45443.0,44105.0,44768.0,12906,58272,0,0,0.0
20151222,44604.0,45439.0,44372.0,44520.0,16895,59443,0,0,0.0
20151223,44876.0,46290.0,44585.0,45644.0,11877,59212,0,0,0.0
20151228,45249.0,45738.0,44233.0,44443.0,12548,59458,0,0,0.0
20151229,44464.0,46254.0,44322.0,45831.0,15424,58532,0,0,0.0
20151230,45401.0,45729.0,44000.0,44064.0,12884,60011,0,0,0.0
20151231,44608.0,45861.0,43660.0,44529.0,13956,61048,0,0,0.0
20160104,45417.0,46778.0,44059.0,44533.0,28084,61754,0,0,0.0
20160105,44877.0,45379.0,44172.0,44351.0,30328,62813,0,0,0.0
20160106,44807.0,44839.0,42320.0,42540.0,40601,64507,0,0,0.0
20160107,43097.0,43397.0,41099.0,42048.0,37858,64949,0,0,0.0
20160108,42215.0,42954.0,40914.0,41610.0,30975,66240,201603,201603,0.0
20160111,41488.0,41699.0,39748.0,40017.0,20609,46485,0,0,697.0
20160112,39995.0,40876.0,38825.0,39094.0,22603,46939,0,0,0.0
20160113,39332.0,39782.0,38071.0,38392.0,20172,47080,0,0,0.0
20160114,38479.0,39123.0,37724.0,38663.0,19399,48712,0,0,0.0
20160115,39041.0,39039.0,36694.0,36745.0,24898,47003,0,0,0.0
20160119,36955.0,37604.0,35580.0,35722.0,23765,47919,0,0,0.0
20160120,35868.0,35866.0,33486.0,34036.0,31712,50066,0,0,0.0
20160121,34238.0,36506.0,33364.0,35340.0,27083,49449,0,0,0.0
20160122,35934.0,39204.0,35454.0,38941.0,26184,48391,0,0,0.0
20160125,39417.0,39693.0,36335.0,36812.0,33897,49025,0,0,0.0
20160126,36940.0,39004.0,35580.0,38025.0,20822,52627,0,0,0.0
20160127,38142.0,40409.0,37391.0,40057.0,24948,53505,0,0,0.0
20160128,40235.0,42881.0,39603.0,40431.0,27682,52106,0,0,0.0
20160129,41120.0,42008.0,40198.0,41697.0,25623,53403,0,0,0.0
20160201,41644.0,42100.0,39676.0,40080.0,26772,55774,0,0,0.0
20160202,40304.0,40355.0,38151.0,39012.0,30714,54663,0,0,0.0
20160203,39106.0,42276.0,38688.0,41563.0,38077,55850,0,0,0.0
20160204,42421.0,43141.0,40927.0,41663.0,33689,56609,0,0,0.0
20160205,41736.0,42078.0,40698.0,40857.0,28776,55228,0,0,0.0
20160208,41001.0,41764.0,40168.0,40266.0,27783,57649,0,0,0.0
20160209,40592.0,40915.0,37521.0,37623.0,31063,63332,0,0,0.0
20160210,38315.0,38848.0,37391.0,37646.0,33344,65575,201604,201604,0.0
20160211,37929.0,39212.0,37155.0,37726.0,19676,54058,0,0,634.0
20160212,39091.0,41252.0,38800.0,40972.0,22063,57189,0,0,0.0
20160216,40780.0,42810.0,39502.0,39672.0,24960,59160,0,0,0.0
20160217,40003.0,42621.0,39246.0,41986.0,21992,61029,0,0,0.0
20160218,42541.0,43187.0,41330.0,41727.0,19471,60555,0,0,0.0
20160219,41730.0,41992.0,39640.0,39841.0,19476,61646,0,0,0.0
20160222,40059.0,41837.0,39839.0,41058.0,16090,63808,0,0,0.0
20160223,41145.0,41773.0,39426.0,39841.0,16119,64133,0,0,0.0
20160224,39723.0,41370.0,38998.0,41096.0,17507,63218,0,0,0.0
20160225,41051.0,41950.0,39802.0,41419.0,18613,64524,0,0,0.0
20160226,41367.0,43116.0,40662.0,40811.0,21829,66162,0,0,0.0
20160229,40933.0,42622.0,40553.0,41829.0,18723,66406,0,0,0.0
20160301,41978.0,42848.0,41420.0,42036.0,18997,66283,0,0,0.0
20160302,41865.0,43078.0,41484.0,42220.0,25857,68521,0,0,0.0
20160303,42559.0,43206.0,41927.0,42644.0,28037,67965,0,0,0.0
20160304,42837.0,44552.0,42393.0,44222.0,22454,67011,0,0,0.0
20160307,44463.0,46864.0,44173.0,46491.0,27580,67452,0,0,0.0
20160308,46638.0,47385.0,45356.0,45545.0,27639,67407,0,0,0.0
20160309,45707.0,47169.0,45517.0,46686.0,32629,68353,0,0,0.0
20160310,46744.0,46804.0,45750.0,46029.0,23634,70698,201605,201605,0.0
20160311,46412.0,47079.0,45897.0,46097.0,15258,47290,0,0,588.0
20160314,46248.0,46356.0,44453.0,45295.0,18209,47730,0,0,0.0
20160315,45704.0,45751.0,44045.0,44571.0,14584,48853,0,0,0.0
20160316,45074.0,46699.0,44535.0,46406.0,27091,47950,0,0,0.0
20160317,46692.0,47647.0,46306.0,47308.0,18539,49591,0,0,0.0
20160318,47348.0,48240.0,46714.0,46829.0,20199,49513,0,0,0.0
20160321,47132.0,47647.0,46164.0,46911.0,16301,50312,0,0,0.0
20160322,47202.0,47841.0,46465.0,47360.0,17040,50417,0,0,0.0
20160323,47340.0,47416.0,45615.0,45704.0,26970,50516,0,0,0.0
20160324,45834.0,46163.0,44639.0,45552.0,22365,50378,0,0,0.0
20160328,45234.0,46215.0,44435.0,44943.0,11773,50229,0,0,0.0
20160329,45114.0,45140.0,43440.0,43996.0,20724,50901,0,0,0.0
20160330,44462.0,45830.0,43993.0,44170.0,19384,52077,0,0,0.0
20160331,44355.0,45409.0,43715.0,44638.0,20152,54546,0,0,0.0
20160401,44601.0,44984.0,42579.0,42692.0,28116,54733,0,0,0.0
20160404,42841.0,43119.0,40945.0,41135.0,28668,57261,0,0,0.0
20160405,41116.0,41280.0,40280.0,40600.0,25725,59754,0,0,0.0
20160406,41194.0,43268.0,40833.0,42910.0,36600,58477,0,0,0.0
20160407,43177.0,43708.0,41620.0,42334.0,32611,57220,0,0,0.0
20160408,42753.0,45450.0,42530.0,44994.0,45205,57336,201606,201606,0.0
20160411,45061.0,46025.0,44342.0,45484.0,22172,47369,0,0,764.0
20160412,45505.0,47981.0,45308.0,47497.0,25291,49638,0,0,0.0
20160413,47448.0,48153.0,46880.0,47168.0,30666,52869,0,0,0.0
20160414,47312.0,47855.0,46521.0,46765.0,15236,56630,0,0,0.0
20160415,47008.0,47160.0,45051.0,46033.0,19689,59389,0,0,0.0
20160418,44753.0,46862.0,43771.0,45941.0,21381,58608,0,0,0.0
20160419,46289.0,47773.0,45867.0,46981.0,20141,58711,0,0,0.0
20160420,47034.0,49626.0,46020.0,49350.0,26816,60551,0,0,0.0
20160421,49521.0,49938.0,48189.0,48281.0,21711,61719,0,0,0.0
20160422,48815.0,49799.0,48247.0,48677.0,14198,61905,0,0,0.0
20160425,48888.0,49398.0,47896.0,48018.0,14342,62029,0,0,0.0
20160426,48572.0,50280.0,47933.0,49383.0,17924,63143,0,0,0.0
20160427,49946.0,51328.0,49476.0,50965.0,19985,64135,0,0,0.0
20160428,51202.0,52125.0,50613.0,51822.0,17100,65343,0,0,0.0
20160429,51995.0,52324.0,50569.0,51035.0,28333,66676,0,0,0.0
20160502,51066.0,51512.0,49698.0,49955.0,21327,70144,0,0,0.0
20160503,50276.0,50695.0,48729.0,49182.0,26307,71769,0,0,0.0
20160504,49688.0,50416.0,48433.0,48970.0,28070,73466,0,0,0.0
20160505,49559.0,51019.0,48619.0,48995.0,24504,74541,0,0,0.0
20160506,49397.0,50291.0,48097.0,49299.0,27611,76494,0,0,0.0
20160509,49826.0,50475.0,47259.0,47461.0,28758,79221,0,0,0.0
20160510,47685.0,49813.0,47215.0,49342.0,35842,81190,201607,201607,0.0
20160511,49664.0,51828.0,48861.0,51513.0,16923,35813,0,0,584.0
20160512,51395.0,52002.0,50457.0,51527.0,16890,36337,0,0,0.0
20160513,51559.0,52090.0,50772.0,51593.0,18985,37657,0,0,0.0
20160516,51718.0,53622.0,51488.0,52814.0,21398,39585,0,0,0.0
20160517,53234.0,54168.0,52639.0,53648.0,25659,42812,0,0,0.0
20160518,54001.0,55683.0,52994.0,54232.0,35540,43723,0,0,0.0
20160519,54092.0,54318.0,52596.0,54036.0,22013,44708,0,0,0.0
20160520,54070.0,54813.0,53504.0,54239.0,27455,48695,0,0,0.0
20160523,54430.0,54569.0,53294.0,53920.0,22398,51650,0,0,0.0
20160524,54095.0,55170.0,53341.0,54282.0,21835,52716,0,0,0.0
20160525,55157.0,55629.0,54372.0,55192.0,30514,56186,0,0,0.0
20160526,55328.0,55684.0,54267.0,54851.0,23079,57004,0,0,0.0
20160527,54939.0,55297.0,53912.0,54706.0,12825,53487,0,0,0.0
