Date,Open,High,Low,Close,Volume,OI,P,R,RINFO
20140603,64518.75,65381.25,62756.25,64181.25,36235,63237,0,0,0.0
20140604,64125.0,64406.0,62756.0,63825.0,20574,61764,0,0,0.0
20140605,63375.0,64125.0,63000.0,63431.0,22636,59519,0,0,0.0
20140606,63225.0,65175.0,63094.0,64537.0,33021,55218,0,0,0.0
20140609,64481.0,64481.0,61913.0,62006.0,32162,49887,0,0,0.0
20140610,62006.0,62944.0,61913.0,62118.0,36407,45498,201409,201409,0.0
20140611,62475.0,65157.0,62382.0,64462.0,46437,67567,0,0,900.0
20140612,64323.0,65065.0,63158.0,64610.0,53278,73758,0,0,0.0
20140613,64600.0,67469.0,64452.0,65257.0,46331,77974,0,0,0.0
20140616,65136.0,66359.0,64637.0,65017.0,23360,79280,0,0,0.0
20140617,64877.0,65009.0,62696.0,63593.0,39014,80074,0,0,0.0
20140618,63713.0,64158.0,62437.0,62816.0,26160,82979,0,0,0.0
20140619,62807.0,63104.0,61568.0,62539.0,31910,85900,0,0,0.0
20140620,62899.0,66156.0,62880.0,64906.0,16618,86041,0,0,0.0
20140623,64692.0,65823.0,64691.0,65609.0,19367,85423,0,0,0.0
20140624,65727.0,66008.0,63767.0,65184.0,12183,84806,0,0,0.0
20140625,65117.0,67802.0,64654.0,67329.0,13791,85472,0,0,0.0
20140626,67150.0,67284.0,66170.0,66885.0,10248,85887,0,0,0.0
20140627,67261.0,68394.0,63434.0,63815.0,21704,85516,0,0,0.0
20140630,63952.0,64861.0,62843.0,64758.0,15415,84879,0,0,0.0
20140701,64765.0,64824.0,62825.0,63223.0,14123,83723,0,0,0.0
20140702,63212.0,64473.0,63139.0,64092.0,11914,83140,0,0,0.0
20140703,64321.0,64880.0,63453.0,63537.0,9650,82811,0,0,0.0
20140707,63508.0,63918.0,61401.0,63278.0,21657,82411,0,0,0.0
20140708,63434.0,64510.0,62769.0,63962.0,16762,81788,0,0,0.0
20140709,63988.0,64695.0,63379.0,63944.0,9169,81670,0,0,0.0
20140710,63914.0,64122.0,60181.0,60283.0,28395,82648,0,0,0.0
20140711,60624.0,60996.0,58980.0,59691.0,27515,82652,0,0,0.0
20140714,59663.0,60959.0,59516.0,60782.0,13793,81522,0,0,0.0
20140715,60846.0,60885.0,58869.0,59894.0,15051,80901,0,0,0.0
20140716,60070.0,60441.0,59701.0,60097.0,9128,80880,0,0,0.0
20140717,60052.0,61218.0,59590.0,60596.0,12065,80428,0,0,0.0
20140718,60570.0,63863.0,60366.0,63758.0,16789,79472,0,0,0.0
20140721,63416.0,64307.0,62381.0,63943.0,13061,78826,0,0,0.0
20140722,63582.0,64215.0,61586.0,62242.0,17755,78314,0,0,0.0
20140723,62288.0,66065.0,61715.0,65312.0,20633,78735,0,0,0.0
20140724,64987.0,66768.0,64950.0,65941.0,19806,78216,0,0,0.0
20140725,65800.0,67027.0,65283.0,66255.0,15869,77922,0,0,0.0
20140728,66465.0,67841.0,65801.0,66976.0,22496,76452,0,0,0.0
20140729,66964.0,67397.0,65949.0,66828.0,21610,74574,0,0,0.0
20140730,66613.0,67767.0,66448.0,67494.0,13503,73571,0,0,0.0
20140731,67796.0,72650.0,67779.0,72135.0,40441,73126,0,0,0.0
20140801,72029.0,76719.0,70829.0,71136.0,47221,71671,0,0,0.0
20140804,70994.0,72299.0,67761.0,70452.0,31529,70618,0,0,0.0
20140805,70403.0,72188.0,69258.0,70045.0,28937,66965,0,0,0.0
20140806,69867.0,71208.0,68740.0,70581.0,28865,63187,0,0,0.0
20140807,70736.0,70820.0,67908.0,68048.0,42271,54423,0,0,0.0
20140808,67927.0,68933.0,66318.0,66883.0,38910,46020,201412,201412,0.0
20140811,66855.0,70283.0,66854.0,70082.0,40345,75218,0,0,1443.75
20140812,69968.0,70084.0,67813.0,68469.0,41445,82098,0,0,0.0
20140813,68430.0,69758.0,68338.0,68723.0,35515,88085,0,0,0.0
20140814,68593.0,69504.0,67071.0,68306.0,32301,90672,0,0,0.0
20140815,68358.0,70265.0,67578.0,70010.0,20438,93011,0,0,0.0
20140818,69806.0,70628.0,68935.0,69992.0,30369,95467,0,0,0.0
20140819,69788.0,70229.0,67306.0,67473.0,25854,97138,0,0,0.0
20140820,67870.0,68634.0,66184.0,68488.0,35047,98131,0,0,0.0
20140821,68630.0,69613.0,67342.0,68724.0,12903,98549,0,0,0.0
20140822,68286.0,69250.0,67632.0,67908.0,7316,97980,0,0,0.0
20140825,67870.0,68851.0,67125.0,68017.0,10669,98298,0,0,0.0
20140826,68051.0,71788.0,67976.0,71569.0,20152,100448,0,0,0.0
20140827,71345.0,73492.0,70980.0,71823.0,24016,99155,0,0,0.0
20140828,71725.0,73293.0,71070.0,72494.0,20539,98146,0,0,0.0
20140829,72340.0,73184.0,71486.0,72929.0,14894,97695,0,0,0.0
20140902,73154.0,76121.0,73115.0,75919.0,14894,97695,0,0,0.0
20140903,75290.0,75541.0,72771.0,73327.0,20061,97397,0,0,0.0
20140904,72756.0,74399.0,70690.0,73381.0,19668,96985,0,0,0.0
20140905,73408.0,73529.0,71450.0,71786.0,11739,96793,0,0,0.0
20140908,71363.0,71825.0,69640.0,70481.0,19840,95651,0,0,0.0
20140909,70386.0,71136.0,69332.0,69810.0,17327,94778,0,0,0.0
20140910,69499.0,70320.0,65296.0,65696.0,27404,95004,0,0,0.0
20140911,66133.0,67401.0,65803.0,67218.0,27942,93392,0,0,0.0
20140912,67201.0,67401.0,65387.0,66892.0,21103,92761,0,0,0.0
20140915,66513.0,66821.0,65604.0,66040.0,14762,91334,0,0,0.0
20140916,65880.0,68144.0,65459.0,67145.0,20544,90690,0,0,0.0
20140917,67038.0,67600.0,66273.0,67000.0,9994,90037,0,0,0.0
20140918,67328.0,67854.0,65459.0,65677.0,13302,89410,0,0,0.0
20140919,65482.0,66295.0,63848.0,64517.0,22211,87607,0,0,0.0
20140922,64432.0,65207.0,63848.0,65024.0,13117,86523,0,0,0.0
20140923,65065.0,66984.0,64934.0,65568.0,14348,86258,0,0,0.0
20140924,65698.0,68815.0,65477.0,68540.0,21805,85825,0,0,0.0
20140925,67779.0,67999.0,64952.0,66075.0,16845,86548,0,0,0.0
20140926,65571.0,68235.0,65205.0,67434.0,14252,85184,0,0,0.0
20140929,67164.0,69595.0,67033.0,69319.0,14802,85164,0,0,0.0
20140930,69300.0,71535.0,68246.0,70080.0,21852,85691,0,0,0.0
20141001,70223.0,73185.0,70110.0,72635.0,27519,86934,0,0,0.0
20141002,72540.0,77500.0,72463.0,75607.0,41958,86930,0,0,0.0
20141003,75617.0,76720.0,74345.0,74846.0,24872,86994,0,0,0.0
20141006,75545.0,81760.0,75539.0,80029.0,35043,86695,0,0,0.0
20141007,79943.0,81416.0,77855.0,78416.0,23093,85960,0,0,0.0
20141008,77898.0,80274.0,76371.0,77727.0,29586,86146,0,0,0.0
20141009,77681.0,80637.0,77620.0,80337.0,19066,86673,0,0,0.0
20141010,80233.0,81108.0,79086.0,79884.0,17053,87279,0,0,0.0
20141013,80378.0,81743.0,78760.0,79050.0,15836,86225,0,0,0.0
20141014,78550.0,80782.0,78253.0,80427.0,18993,87246,0,0,0.0
20141015,80595.0,81417.0,77638.0,78289.0,22725,86582,0,0,0.0
20141016,78785.0,80003.0,78290.0,78688.0,16558,87748,0,0,0.0
20141017,78007.0,78553.0,75467.0,76350.0,20354,87526,0,0,0.0
20141020,74695.0,74818.0,71377.0,72272.0,25983,84535,0,0,0.0
20141021,70587.0,72987.0,69422.0,72344.0,30371,82912,0,0,0.0
20141022,72252.0,72824.0,69060.0,69263.0,18534,80629,0,0,0.0
20141023,69465.0,70630.0,68517.0,70060.0,24733,79173,0,0,0.0
20141024,70044.0,70286.0,68209.0,69408.0,28625,78027,0,0,0.0
20141027,68053.0,69688.0,68046.0,69191.0,20195,75774,0,0,0.0
20141028,69157.0,69924.0,68336.0,69717.0,20983,71959,0,0,0.0
20141029,69628.0,70287.0,68571.0,68720.0,20558,68232,0,0,0.0
20141030,68759.0,69236.0,67413.0,67995.0,40279,63487,0,0,0.0
20141031,68180.0,68855.0,67196.0,68140.0,27176,61599,0,0,0.0
20141103,68397.0,69906.0,67196.0,67361.0,27955,59699,0,0,0.0
20141104,67275.0,68691.0,65911.0,68213.0,35069,56880,0,0,0.0
20141105,68089.0,68347.0,66599.0,67506.0,25752,54248,0,0,0.0
20141106,67691.0,67894.0,66346.0,66600.0,26059,52410,0,0,0.0
20141107,66334.0,67151.0,65966.0,66111.0,33266,47494,0,0,0.0
20141110,66026.0,67532.0,65550.0,65749.0,42513,40901,201503,201503,0.0
20141111,65863.0,66934.0,65640.0,66836.0,44331,73477,0,0,1631.25
20141112,66729.0,67589.0,66276.0,66836.0,51922,78429,0,0,0.0
20141113,66747.0,68900.0,66736.0,68394.0,42650,84285,0,0,0.0
20141114,68426.0,70069.0,68327.0,69527.0,54318,88519,0,0,0.0
20141117,69398.0,70140.0,67337.0,67916.0,27488,90178,0,0,0.0
20141118,67807.0,68865.0,67249.0,68306.0,40025,91343,0,0,0.0
20141119,68214.0,71327.0,68186.0,70501.0,23135,91966,0,0,0.0
20141120,70088.0,70317.0,66578.0,66871.0,21335,91055,0,0,0.0
20141121,66871.0,67944.0,66278.0,67526.0,18208,90326,0,0,0.0
20141124,67437.0,70069.0,67091.0,67455.0,17352,90201,0,0,0.0
20141125,67419.0,69573.0,66614.0,69066.0,21461,90895,0,0,0.0
20141126,68975.0,69431.0,67763.0,68783.0,9200,90545,0,0,0.0
20141128,68268.0,68793.0,65960.0,66375.0,15663,89454,0,0,0.0
20141201,65970.0,67589.0,64988.0,67420.0,26370,91985,0,0,0.0
20141202,67137.0,67394.0,64758.0,64941.0,18034,91739,0,0,0.0
20141203,65051.0,65906.0,64687.0,65030.0,14042,90513,0,0,0.0
20141204,65033.0,65623.0,64015.0,64605.0,14475,88977,0,0,0.0
20141205,64662.0,64950.0,63255.0,63773.0,24167,89044,0,0,0.0
20141208,63743.0,64242.0,62566.0,63047.0,17142,89012,0,0,0.0
20141209,63336.0,64384.0,62548.0,63897.0,16201,88921,0,0,0.0
20141210,63778.0,64543.0,62583.0,63224.0,17420,88592,0,0,0.0
20141211,62823.0,63374.0,61823.0,62463.0,22235,89125,0,0,0.0
20141212,62434.0,62666.0,61346.0,61613.0,15806,88616,0,0,0.0
20141215,61515.0,63463.0,61328.0,63260.0,12688,88353,0,0,0.0
20141216,62929.0,63605.0,61752.0,62924.0,13356,88649,0,0,0.0
20141217,62858.0,63375.0,60497.0,60853.0,22410,86821,0,0,0.0
20141218,61126.0,61834.0,60709.0,61738.0,13044,85975,0,0,0.0
20141219,61656.0,62932.0,61557.0,61862.0,11724,85593,0,0,0.0
20141222,61762.0,62525.0,60479.0,60959.0,12288,85617,0,0,0.0
20141223,61073.0,61622.0,60285.0,60552.0,10204,85771,0,0,0.0
20141224,60384.0,60878.0,60002.0,60251.0,5923,86281,0,0,0.0
20141226,60508.0,61285.0,59295.0,59702.0,6508,86806,0,0,0.0
20141229,59271.0,59744.0,58199.0,58480.0,12526,86864,0,0,0.0
20141231,58316.0,60683.0,57969.0,58993.0,16931,86864,0,0,0.0
20150102,58351.0,59248.0,56626.0,57028.0,16668,86541,0,0,0.0
20150105,56902.0,59744.0,56591.0,59524.0,21101,87399,0,0,0.0
20150106,59412.0,62135.0,59401.0,61932.0,26313,87439,0,0,0.0
20150107,62081.0,64774.0,61151.0,61985.0,39415,87954,0,0,0.0
20150108,62152.0,64597.0,61611.0,62640.0,31191,87309,0,0,0.0
20150109,62841.0,65128.0,62830.0,63755.0,34348,86062,0,0,0.0
20150112,64078.0,65500.0,61964.0,62586.0,37435,84549,0,0,0.0
20150113,62575.0,63375.0,61451.0,62657.0,31346,83066,0,0,0.0
20150114,63017.0,65465.0,62777.0,63684.0,29394,81579,0,0,0.0
20150115,63636.0,64774.0,61929.0,62551.0,25981,80664,0,0,0.0
20150116,62752.0,62914.0,60232.0,60550.0,19442,80587,0,0,0.0
20150120,60136.0,61107.0,57917.0,58178.0,34253,79033,0,0,0.0
20150121,58704.0,59106.0,56910.0,57098.0,26493,78420,0,0,0.0
20150122,57060.0,57937.0,56450.0,56638.0,26190,78678,0,0,0.0
20150123,56813.0,57689.0,56344.0,57523.0,23448,78467,0,0,0.0
20150126,57343.0,58539.0,56821.0,57311.0,28307,76248,0,0,0.0
20150127,57378.0,59690.0,57157.0,59560.0,23476,75982,0,0,0.0
20150128,59057.0,60186.0,58536.0,59383.0,28693,73786,0,0,0.0
20150129,59357.0,59495.0,56097.0,56656.0,42880,72419,0,0,0.0
20150130,56599.0,57476.0,56274.0,57329.0,20447,70211,0,0,0.0
20150202,57412.0,57972.0,56451.0,57524.0,32630,65019,0,0,0.0
20150203,57553.0,57883.0,55991.0,56922.0,34641,62657,0,0,0.0
20150204,57111.0,59158.0,56610.0,58392.0,27579,60863,0,0,0.0
20150205,58136.0,58945.0,57723.0,58339.0,26094,59800,0,0,0.0
20150206,58490.0,60132.0,58342.0,59083.0,48281,54617,0,0,0.0
20150209,58861.0,59548.0,57900.0,59349.0,36325,50329,0,0,0.0
20150210,59055.0,59955.0,56133.0,56445.0,67343,43496,201505,201505,0.0
20150211,56669.0,57121.0,56151.0,56427.0,66048,64588,0,0,1106.25
20150212,56530.0,58391.0,56272.0,58218.0,63357,71286,0,0,0.0
20150213,58196.0,58704.0,57278.0,57888.0,47520,73786,0,0,0.0
20150217,57970.0,58791.0,54693.0,55228.0,72588,79393,0,0,0.0
20150218,55627.0,56008.0,54225.0,54567.0,47829,85045,0,0,0.0
20150219,54395.0,54790.0,52906.0,53072.0,32555,83896,0,0,0.0
20150220,53180.0,53920.0,52351.0,53159.0,26679,84158,0,0,0.0
20150223,52763.0,53520.0,51327.0,51542.0,30103,84718,0,0,0.0
20150224,51427.0,52076.0,51275.0,51768.0,17981,85056,0,0,0.0
20150225,51757.0,52807.0,49401.0,49873.0,38939,86780,0,0,0.0
20150226,49813.0,50372.0,48690.0,48865.0,40919,88050,0,0,0.0
20150227,48963.0,50024.0,48638.0,48848.0,39662,87163,0,0,0.0
20150302,49050.0,49537.0,47875.0,48101.0,26239,87985,0,0,0.0
20150303,48252.0,48424.0,44700.0,45111.0,43670,87832,0,0,0.0
20150304,45475.0,48198.0,45186.0,47823.0,41038,89013,0,0,0.0
20150305,47731.0,47850.0,46262.0,46954.0,21630,89189,0,0,0.0
20150306,46898.0,48737.0,46210.0,48640.0,25325,88939,0,0,0.0
20150309,48425.0,49468.0,46557.0,47632.0,26447,90390,0,0,0.0
20150310,47175.0,47659.0,46436.0,46954.0,25226,88718,0,0,0.0
20150311,46741.0,47694.0,45516.0,45807.0,28213,89066,0,0,0.0
20150312,45543.0,46842.0,45117.0,45963.0,27871,89983,0,0,0.0
20150313,46012.0,46633.0,44683.0,45129.0,20122,88717,0,0,0.0
20150316,45300.0,48616.0,45290.0,47997.0,27142,88152,0,0,0.0
20150317,48129.0,48529.0,46591.0,48032.0,19371,88070,0,0,0.0
20150318,47296.0,49225.0,46244.0,48693.0,28043,88801,0,0,0.0
20150319,48771.0,51051.0,48604.0,50119.0,17846,85647,0,0,0.0
20150320,49639.0,50060.0,48760.0,49841.0,17689,85302,0,0,0.0
20150323,49292.0,50199.0,48378.0,49319.0,14383,85463,0,0,0.0
20150324,49292.0,50582.0,47250.0,47737.0,32371,83861,0,0,0.0
20150325,47661.0,49521.0,47198.0,48658.0,39095,81717,0,0,0.0
20150326,48598.0,49678.0,47996.0,48762.0,21635,81633,0,0,0.0
20150327,48511.0,48982.0,47389.0,48049.0,22461,79972,0,0,0.0
20150330,48181.0,48321.0,45741.0,46015.0,29628,80342,0,0,0.0
20150331,46168.0,47295.0,45776.0,46206.0,29019,80594,0,0,0.0
20150401,46307.0,48634.0,46175.0,46884.0,28372,79367,0,0,0.0
20150402,46567.0,49208.0,46522.0,48987.0,55953,78778,0,0,0.0
20150406,48910.0,51261.0,48656.0,50830.0,45243,71590,0,0,0.0
20150407,50507.0,50704.0,49003.0,49352.0,34838,67636,0,0,0.0
20150408,49205.0,50234.0,46886.0,47179.0,48114,65790,0,0,0.0
20150409,47174.0,47973.0,46365.0,47787.0,58557,58946,201507,201507,0.0
20150410,47695.0,48182.0,46556.0,47092.0,58557,63101,0,0,900.0
20150413,46911.0,48028.0,46215.0,46528.0,26558,68041,0,0,0.0
20150414,46518.0,47241.0,45806.0,46682.0,29580,74777,0,0,0.0
20150415,46570.0,47669.0,46147.0,46921.0,23717,80549,0,0,0.0
20150416,47081.0,48814.0,46914.0,48339.0,15291,86535,0,0,0.0
20150417,48087.0,49019.0,47596.0,48304.0,13355,88110,0,0,0.0
20150420,48104.0,48729.0,46641.0,48253.0,17190,92227,0,0,0.0
20150421,48412.0,49686.0,47903.0,48748.0,17495,94759,0,0,0.0
20150422,48633.0,50353.0,48346.0,49073.0,15696,94473,0,0,0.0
20150423,48804.0,49737.0,48124.0,48339.0,13088,93362,0,0,0.0
20150424,48428.0,49224.0,48244.0,48560.0,9275,93651,0,0,0.0
20150427,48326.0,48626.0,45891.0,46818.0,19454,93873,0,0,0.0
20150428,47030.0,47412.0,46130.0,47330.0,12175,97136,0,0,0.0
20150429,47116.0,47651.0,46249.0,47484.0,10739,96584,0,0,0.0
20150430,47559.0,49105.0,46385.0,46955.0,21048,96930,0,0,0.0
20150501,46928.0,47293.0,45175.0,45845.0,17973,94814,0,0,0.0
20150504,45649.0,46147.0,44850.0,45401.0,11452,97338,0,0,0.0
20150505,45393.0,46045.0,45021.0,45657.0,11083,97645,0,0,0.0
20150506,45598.0,45908.0,44032.0,44393.0,16460,97210,0,0,0.0
20150507,44676.0,45275.0,44219.0,44991.0,11917,98323,0,0,0.0
20150508,45052.0,46745.0,44850.0,45999.0,15500,97849,0,0,0.0
20150511,45598.0,46267.0,45175.0,45896.0,9219,96067,0,0,0.0
20150512,45854.0,46643.0,45448.0,46290.0,17329,97775,0,0,0.0
20150513,46417.0,46609.0,45328.0,46255.0,13251,95156,0,0,0.0
20150514,46263.0,47258.0,45618.0,46973.0,13671,94689,0,0,0.0
20150515,46912.0,47600.0,46265.0,47229.0,12427,94506,0,0,0.0
20150518,47201.0,49036.0,46828.0,48902.0,19876,93991,0,0,0.0
20150519,48788.0,49190.0,47118.0,47775.0,18620,92311,0,0,0.0
20150520,47611.0,48352.0,46214.0,46460.0,15170,90088,0,0,0.0
20150521,46451.0,46762.0,43589.0,43881.0,29577,90403,0,0,0.0
20150522,44183.0,44351.0,42890.0,43368.0,23964,92778,0,0,0.0
20150526,43671.0,43975.0,42157.0,42378.0,25969,92468,0,0,0.0
20150527,42562.0,43342.0,42122.0,42532.0,19063,89305,0,0,0.0
20150528,42630.0,43445.0,42207.0,42753.0,13711,88337,0,0,0.0
20150529,42852.0,43445.0,42462.0,43095.0,14579,88008,0,0,0.0
20150601,43739.0,45188.0,43689.0,44342.0,22121,88185,0,0,0.0
20150602,44131.0,45821.0,43945.0,45332.0,22519,85392,0,0,0.0
20150603,45274.0,46214.0,44524.0,45879.0,24562,81962,0,0,0.0
20150604,45821.0,46847.0,45410.0,46356.0,17589,77755,0,0,0.0
20150605,46059.0,46642.0,45308.0,46152.0,21961,73028,0,0,0.0
20150608,46059.0,46984.0,45751.0,46647.0,26082,68748,0,0,0.0
20150609,46554.0,47086.0,45529.0,46920.0,26525,63846,0,0,0.0
20150610,46929.0,47480.0,46211.0,46613.0,25107,58657,201509,201509,0.0
20150611,46197.0,46591.0,44950.0,45349.0,26128,70681,0,0,637.0
20150612,45287.0,46490.0,44765.0,45332.0,16650,77613,0,0,0.0
20150615,44815.0,45257.0,43638.0,43950.0,30379,80839,0,0,0.0
20150616,44243.0,44902.0,43907.0,44523.0,17260,86930,0,0,0.0
20150617,44394.0,44817.0,43503.0,43646.0,23122,88880,0,0,0.0
20150618,43889.0,45054.0,43638.0,44506.0,24652,91779,0,0,0.0
20150619,44478.0,44919.0,43049.0,43883.0,22626,96767,0,0,0.0
20150622,43652.0,44834.0,43520.0,44693.0,11560,105277,0,0,0.0
20150623,44478.0,45544.0,43334.0,43748.0,16286,105155,0,0,0.0
20150624,43922.0,45899.0,43789.0,45570.0,21242,104905,0,0,0.0
20150625,45321.0,45983.0,44126.0,45570.0,20965,101740,0,0,0.0
20150626,45371.0,46540.0,44361.0,45013.0,17645,99128,0,0,0.0
20150629,44764.0,45206.0,43436.0,44659.0,15969,98011,0,0,0.0
20150630,44814.0,45172.0,43671.0,44659.0,18107,98102,0,0,0.0
20150701,43803.0,44902.0,42661.0,42838.0,24511,97451,0,0,0.0
20150702,42894.0,43348.0,42543.0,42973.0,13832,98845,0,0,0.0
20150706,42910.0,43280.0,42089.0,42214.0,17255,100119,0,0,0.0
20150707,42303.0,42639.0,41618.0,42063.0,18912,102290,0,0,0.0
20150708,41899.0,42453.0,41685.0,42147.0,12632,103192,0,0,0.0
20150709,42438.0,43077.0,41820.0,42249.0,12874,102251,0,0,0.0
20150710,42287.0,42942.0,42089.0,42586.0,11502,102675,0,0,0.0
20150713,43112.0,43803.0,42880.0,43446.0,15242,102425,0,0,0.0
20150714,43364.0,44750.0,43217.0,44525.0,17774,100796,0,0,0.0
20150715,44207.0,44648.0,42982.0,43766.0,14194,99477,0,0,0.0
20150716,43483.0,44007.0,42898.0,43463.0,11266,98432,0,0,0.0
20150717,43264.0,43753.0,42864.0,43311.0,8994,97650,0,0,0.0
20150720,42944.0,43956.0,42629.0,42991.0,13394,97947,0,0,0.0
20150721,42826.0,43298.0,42309.0,42485.0,10134,98471,0,0,0.0
20150722,42590.0,43230.0,41888.0,42182.0,15438,98780,0,0,0.0
20150723,42270.0,42673.0,40761.0,41001.0,24872,99487,0,0,0.0
20150724,41242.0,42082.0,40609.0,41238.0,15869,101279,0,0,0.0
20150727,41175.0,41306.0,40340.0,40614.0,16702,100121,0,0,0.0
20150728,40417.0,41407.0,40357.0,40564.0,17914,97120,0,0,0.0
20150729,40603.0,41576.0,40424.0,41204.0,13142,95827,0,0,0.0
20150730,41175.0,42335.0,41080.0,42132.0,16985,95249,0,0,0.0
20150731,42169.0,43112.0,41786.0,42250.0,21552,94433,0,0,0.0
20150803,42153.0,42284.0,40978.0,41811.0,18302,92564,0,0,0.0
20150804,41749.0,42622.0,41399.0,42132.0,19466,92207,0,0,0.0
20150805,41951.0,42707.0,41483.0,42469.0,22365,89425,0,0,0.0
20150806,42288.0,43382.0,41718.0,41912.0,24400,85011,0,0,0.0
20150807,41867.0,43517.0,41617.0,43109.0,28375,82288,0,0,0.0
20150810,42844.0,45223.0,42744.0,45032.0,42885,76664,201512,201512,0.0
20150811,45068.0,46523.0,44981.0,46363.0,30633,74100,0,0,1088.0
20150812,46288.0,46688.0,44405.0,44679.0,32814,77558,0,0,0.0
20150813,44689.0,46837.0,44570.0,46446.0,37637,81665,0,0,0.0
20150814,46585.0,47168.0,46035.0,46627.0,29216,86012,0,0,0.0
20150817,45942.0,46688.0,45492.0,45768.0,24767,87689,0,0,0.0
20150818,45678.0,46357.0,45047.0,45934.0,21002,89302,0,0,0.0
20150819,46304.0,46572.0,44290.0,44530.0,32584,92215,0,0,0.0
20150820,44622.0,44819.0,43499.0,43754.0,30327,96858,0,0,0.0
20150821,43846.0,44058.0,41357.0,41772.0,28136,102844,0,0,0.0
20150824,41669.0,41792.0,39858.0,40203.0,28011,103160,0,0,0.0
20150825,40432.0,41147.0,39660.0,39822.0,23796,103758,0,0,0.0
20150826,39789.0,40816.0,39611.0,40367.0,17935,106295,0,0,0.0
20150827,40498.0,41676.0,40368.0,41143.0,16444,106887,0,0,0.0
20150828,41059.0,41544.0,40467.0,40978.0,11991,106667,0,0,0.0
20150831,41471.0,41958.0,40104.0,41061.0,13863,107536,0,0,0.0
20150901,40977.0,41313.0,39709.0,39904.0,15755,108440,0,0,0.0
20150902,39922.0,40287.0,38918.0,39094.0,20822,109020,0,0,0.0
20150903,39213.0,39824.0,38786.0,39490.0,13887,106579,0,0,0.0
20150904,39411.0,40172.0,39034.0,39358.0,9096,107595,0,0,0.0
20150908,39295.0,40271.0,39034.0,39969.0,12553,107370,0,0,0.0
20150909,39823.0,40503.0,39264.0,40002.0,12544,107791,0,0,0.0
20150910,39576.0,39759.0,38293.0,38449.0,21643,108998,0,0,0.0
20150911,38471.0,39065.0,38210.0,38498.0,12333,110391,0,0,0.0
20150914,38554.0,40090.0,38490.0,39704.0,18011,109449,0,0,0.0
20150915,39642.0,40156.0,38786.0,39209.0,12304,108526,0,0,0.0
20150916,39032.0,39627.0,38671.0,39011.0,10226,108618,0,0,0.0
20150917,38917.0,39412.0,38424.0,39159.0,13244,108453,0,0,0.0
20150918,39214.0,39793.0,38490.0,39093.0,13744,108267,0,0,0.0
20150921,38917.0,39627.0,38325.0,38730.0,14856,108736,0,0,0.0
20150922,38521.0,38801.0,37897.0,38135.0,12747,108894,0,0,0.0
20150923,38076.0,38767.0,37798.0,38383.0,14368,109641,0,0,0.0
20150924,38175.0,39511.0,37732.0,39077.0,16782,109595,0,0,0.0
20150925,39577.0,40801.0,39495.0,40530.0,22555,108819,0,0,0.0
20150928,40468.0,40587.0,38968.0,39357.0,14365,108201,0,0,0.0
20150929,39297.0,40653.0,38852.0,39919.0,16929,108604,0,0,0.0
20150930,39941.0,40553.0,39149.0,40084.0,17566,105977,0,0,0.0
20151001,40007.0,40504.0,39232.0,39886.0,13055,105246,0,0,0.0
20151002,39990.0,41430.0,39314.0,41059.0,19895,105405,0,0,0.0
20151005,41227.0,42885.0,40945.0,42132.0,22622,104742,0,0,0.0
20151006,41903.0,42687.0,41554.0,42314.0,14698,101799,0,0,0.0
20151007,42118.0,43084.0,41011.0,41637.0,24041,99488,0,0,0.0
20151008,41574.0,42604.0,41241.0,42430.0,15864,97417,0,0,0.0
20151009,42547.0,44407.0,42476.0,43470.0,24639,94785,0,0,0.0
20151012,43437.0,45515.0,43382.0,44428.0,21074,92362,0,0,0.0
20151013,44426.0,45350.0,43844.0,44378.0,22096,90057,0,0,0.0
20151014,44426.0,45482.0,44074.0,44478.0,20026,86297,0,0,0.0
20151015,44196.0,44969.0,43564.0,44164.0,20570,84345,0,0,0.0
20151016,43619.0,43795.0,41192.0,41572.0,29081,81494,0,0,0.0
20151019,41591.0,41744.0,40682.0,40928.0,17275,82903,0,0,0.0
20151020,40832.0,41479.0,40599.0,41208.0,13172,82149,0,0,0.0
20151021,41162.0,41330.0,39709.0,39969.0,16388,82891,0,0,0.0
20151022,40074.0,40388.0,39445.0,39589.0,13411,83984,0,0,0.0
20151023,39513.0,39958.0,38720.0,39127.0,16576,84691,0,0,0.0
20151026,38919.0,39346.0,38309.0,38747.0,15172,86265,0,0,0.0
20151027,38820.0,39181.0,38407.0,38747.0,19609,86876,0,0,0.0
20151028,38737.0,39677.0,38539.0,39342.0,15222,87247,0,0,0.0
20151029,39397.0,39875.0,38934.0,39738.0,13023,88019,0,0,0.0
20151030,39925.0,40338.0,39247.0,39952.0,14765,88423,0,0,0.0
20151102,39908.0,40156.0,38868.0,39242.0,15433,87156,0,0,0.0
20151103,39133.0,40256.0,38802.0,39721.0,17564,86759,0,0,0.0
20151104,39595.0,40470.0,39461.0,39804.0,14804,83565,0,0,0.0
20151105,39612.0,40354.0,39115.0,39936.0,25077,82778,0,0,0.0
20151106,39826.0,40073.0,38506.0,38895.0,31364,77033,0,0,0.0
20151109,38936.0,39594.0,38522.0,38895.0,32732,73267,201603,201603,0.0
20151110,39002.0,39280.0,38193.0,38433.0,28224,67993,0,0,1256.0
20151111,38489.0,38894.0,38321.0,38577.0,25998,77467,0,0,0.0
20151112,38537.0,38765.0,37921.0,38127.0,34278,84751,0,0,0.0
20151113,38168.0,38491.0,36913.0,37180.0,32173,95724,0,0,0.0
20151116,37334.0,38265.0,37137.0,37951.0,27338,102304,0,0,0.0
20151117,38104.0,38539.0,37665.0,37967.0,22518,102370,0,0,0.0
20151118,37752.0,38169.0,37025.0,37164.0,25638,104843,0,0,0.0
20151119,37303.0,39423.0,37201.0,39235.0,22525,108099,0,0,0.0
20151120,39292.0,40726.0,39138.0,39941.0,22129,105583,0,0,0.0
20151123,39901.0,40051.0,38721.0,39315.0,13188,101190,0,0,0.0
20151124,39324.0,40373.0,39010.0,39973.0,14138,101136,0,0,0.0
20151125,40013.0,40485.0,39346.0,40309.0,15305,100169,0,0,0.0
20151127,39933.0,40469.0,39394.0,39683.0,9304,98317,0,0,0.0
20151130,39628.0,39858.0,37809.0,38415.0,23849,97172,0,0,0.0
20151201,38490.0,38636.0,37713.0,38495.0,13730,98790,0,0,0.0
20151202,38506.0,38941.0,38033.0,38671.0,9729,98519,0,0,0.0
20151203,38458.0,40340.0,38113.0,40084.0,20320,97674,0,0,0.0
20151204,40093.0,40952.0,39522.0,40758.0,16845,95568,0,0,0.0
20151207,40238.0,41274.0,40050.0,40469.0,17677,93411,0,0,0.0
20151208,40093.0,40839.0,38737.0,40196.0,14424,90642,0,0,0.0
20151209,40093.0,41081.0,39954.0,40710.0,12649,89440,0,0,0.0
20151210,40670.0,41065.0,39986.0,40565.0,9938,88359,0,0,0.0
20151211,40525.0,40663.0,38689.0,38912.0,21756,88311,0,0,0.0
20151214,38842.0,38990.0,37745.0,38495.0,482,88553,0,0,0.0
20151215,38601.0,39167.0,38081.0,38495.0,12371,89701,0,0,0.0
20151216,38425.0,38990.0,38033.0,38286.0,13276,89599,0,0,0.0
20151217,38249.0,38556.0,37569.0,37981.0,12174,89521,0,0,0.0
20151218,38104.0,38733.0,37874.0,38205.0,12060,90386,0,0,0.0
20151221,37928.0,38363.0,37393.0,38205.0,281,89749,0,0,0.0
20151222,37767.0,38427.0,37649.0,38205.0,8887,90294,0,0,0.0
20151223,38232.0,39054.0,37841.0,38831.0,10917,90310,0,0,0.0
20151228,38393.0,38539.0,37873.0,38253.0,73,89118,0,0,0.0
20151229,38120.0,39375.0,37905.0,38992.0,11067,89437,0,0,0.0
20151230,38970.0,39809.0,38818.0,39698.0,11818,88727,0,0,0.0
20151231,39707.0,40790.0,39586.0,40677.0,11727,87757,0,0,0.0
20160104,40461.0,40630.0,39074.0,39778.0,23012,86598,0,0,0.0
20160105,39740.0,40244.0,38978.0,39489.0,14197,84453,0,0,0.0
20160106,39467.0,39649.0,38258.0,38510.0,16891,84951,0,0,0.0
20160107,38184.0,38346.0,37746.0,38029.0,14531,86345,0,0,0.0
20160108,38360.0,38572.0,37858.0,38205.0,15898,87849,0,0,0.0
20160111,37847.0,37977.0,36369.0,36744.0,31187,88995,0,0,0.0
20160112,36725.0,37093.0,36369.0,36711.0,21186,93506,0,0,0.0
20160113,36725.0,37286.0,36609.0,36856.0,15137,94423,0,0,0.0
20160114,36821.0,37350.0,36338.0,37210.0,16422,94464,0,0,0.0
20160115,37078.0,37205.0,36386.0,36889.0,13775,95342,0,0,0.0
20160119,36661.0,37510.0,36370.0,37130.0,17249,96320,0,0,0.0
20160120,36773.0,36899.0,35554.0,35830.0,23643,95749,0,0,0.0
20160121,35923.0,36883.0,35730.0,36729.0,19462,97544,0,0,0.0
20160122,36885.0,37800.0,36723.0,37243.0,23124,96014,0,0,0.0
20160125,36789.0,37687.0,36546.0,37388.0,16035,94287,0,0,0.0
20160126,37253.0,37703.0,36707.0,37468.0,19807,92769,0,0,0.0
20160127,37381.0,38701.0,37235.0,37949.0,29709,89831,0,0,0.0
20160128,37910.0,38620.0,37715.0,38254.0,17409,86094,0,0,0.0
20160129,38247.0,38556.0,37091.0,37355.0,22267,83969,0,0,0.0
20160201,37140.0,37944.0,36802.0,37804.0,18878,82897,0,0,0.0
20160202,37669.0,38765.0,37378.0,38479.0,22166,81295,0,0,0.0
20160203,38391.0,39151.0,37811.0,39024.0,25920,78401,0,0,0.0
20160204,38936.0,39826.0,38851.0,39554.0,23230,73670,0,0,0.0
20160205,39577.0,39890.0,38451.0,38655.0,26619,70467,0,0,0.0
20160208,38487.0,38603.0,37026.0,37162.0,36301,63924,0,0,0.0
20160209,37188.0,37557.0,36690.0,36841.0,28423,59007,0,0,0.0
20160210,36788.0,37349.0,36674.0,36841.0,25764,52906,201605,201605,0.0
20160211,36852.0,37075.0,36050.0,36296.0,31994,68715,0,0,731.0
20160212,36537.0,37597.0,36444.0,37085.0,33222,76032,0,0,0.0
20160216,37199.0,37803.0,36507.0,36927.0,33251,79313,0,0,0.0
20160217,36868.0,37281.0,36444.0,36801.0,29539,84318,0,0,0.0
20160218,36836.0,37028.0,36318.0,36644.0,23860,87764,0,0,0.0
20160219,36568.0,37202.0,36224.0,36785.0,17474,92105,0,0,0.0
20160222,36915.0,38294.0,36790.0,38063.0,20669,93650,0,0,0.0
20160223,37971.0,38183.0,37466.0,37637.0,13632,94055,0,0,0.0
20160224,37466.0,37582.0,36349.0,36927.0,19807,92330,0,0,0.0
20160225,36835.0,37598.0,36475.0,36659.0,17093,92846,0,0,0.0
20160226,36678.0,37076.0,36238.0,36359.0,14693,91817,0,0,0.0
20160229,36284.0,36744.0,35908.0,36312.0,18997,93223,0,0,0.0
20160301,36473.0,36871.0,35687.0,36217.0,21551,94958,0,0,0.0
20160302,36300.0,36793.0,35766.0,36469.0,14140,97221,0,0,0.0
20160303,36520.0,37567.0,36332.0,37195.0,20793,96902,0,0,0.0
20160304,37183.0,38374.0,37071.0,38205.0,22937,95072,0,0,0.0
20160307,38192.0,38532.0,37213.0,38158.0,22157,93249,0,0,0.0
20160308,37940.0,38579.0,37449.0,38410.0,19322,90507,0,0,0.0
20160309,38144.0,38880.0,37968.0,38615.0,18938,89571,0,0,0.0
20160310,38475.0,38880.0,37669.0,38552.0,23087,88213,0,0,0.0
20160311,38633.0,39940.0,38502.0,39704.0,26535,86102,0,0,0.0
20160314,39673.0,40399.0,39084.0,40146.0,26155,84506,0,0,0.0
20160315,40020.0,40430.0,39446.0,39673.0,22060,83702,0,0,0.0
20160316,39341.0,41126.0,39037.0,40730.0,28648,81802,0,0,0.0
20160317,40997.0,42677.0,40752.0,41834.0,38428,81638,0,0,0.0
20160318,41801.0,42708.0,41664.0,42387.0,22833,80654,0,0,0.0
20160321,42163.0,42296.0,41114.0,41518.0,22372,79733,0,0,0.0
20160322,41627.0,42676.0,41460.0,42497.0,18843,81027,0,0,0.0
20160323,42573.0,43150.0,40690.0,41377.0,19615,81167,0,0,0.0
20160324,41296.0,41426.0,40092.0,40256.0,19527,80652,0,0,0.0
20160328,40193.0,40983.0,39809.0,40572.0,18081,79245,0,0,0.0
20160329,40555.0,40699.0,39698.0,40225.0,14689,78217,0,0,0.0
20160330,40445.0,41126.0,39714.0,40083.0,23429,76053,0,0,0.0
20160331,40193.0,40541.0,39399.0,40225.0,18212,73270,0,0,0.0
20160401,40161.0,40463.0,39147.0,40162.0,25445,72184,0,0,0.0
20160404,39672.0,40035.0,38487.0,38757.0,26308,70002,0,0,0.0
20160405,38742.0,38865.0,37936.0,38158.0,26853,66775,0,0,0.0
20160406,38300.0,38643.0,37763.0,38347.0,19015,62805,0,0,0.0
20160407,38583.0,38786.0,37637.0,37810.0,34322,60456,0,0,0.0
20160408,37779.0,38375.0,37464.0,38015.0,32642,55222,201607,201607,0.0
20160411,38268.0,39007.0,37621.0,38820.0,26609,68744,0,0,844.0
20160412,38857.0,39411.0,38440.0,39146.0,26030,73382,0,0,0.0
20160413,38934.0,39520.0,38085.0,38309.0,35081,79976,0,0,0.0
20160414,38439.0,39271.0,37884.0,38774.0,24621,85649,0,0,0.0
20160415,38811.0,39240.0,38131.0,38696.0,19952,87317,0,0,0.0
20160418,38672.0,39706.0,38424.0,39037.0,22325,89362,0,0,0.0
20160419,38982.0,40172.0,38826.0,39642.0,25273,90361,0,0,0.0
20160420,39616.0,40234.0,39490.0,39889.0,24803,92305,0,0,0.0
20160421,40019.0,40762.0,38254.0,38464.0,29712,94857,0,0,0.0
20160422,38331.0,38619.0,37775.0,38231.0,19551,95391,0,0,0.0
20160425,38362.0,38495.0,37929.0,38293.0,12468,92582,0,0,0.0
20160426,38315.0,39365.0,38207.0,38975.0,14398,91947,0,0,0.0
20160427,38981.0,39520.0,37450.0,37658.0,26188,90415,0,0,0.0
20160428,37727.0,38091.0,37187.0,37487.0,24162,91129,0,0,0.0
20160429,37727.0,38215.0,37295.0,37658.0,17009,92566,0,0,0.0
20160502,37711.0,38153.0,36894.0,37084.0,15630,93223,0,0,0.0
20160503,37247.0,37750.0,36801.0,36960.0,18254,95353,0,0,0.0
20160504,37030.0,37408.0,36724.0,37100.0,15380,96927,0,0,0.0
20160505,37138.0,37952.0,36924.0,37658.0,18998,97967,0,0,0.0
20160506,37773.0,38776.0,37619.0,38588.0,23028,97470,0,0,0.0
20160509,38857.0,39335.0,38067.0,39192.0,22742,96573,0,0,0.0
20160510,39321.0,40174.0,39117.0,39904.0,24810,94071,0,0,0.0
20160511,39832.0,40329.0,39179.0,40214.0,23343,91201,0,0,0.0
20160512,40219.0,40608.0,39457.0,40307.0,22750,90237,0,0,0.0
20160513,39956.0,40531.0,39550.0,40323.0,18841,88612,0,0,0.0
20160516,39972.0,41572.0,39781.0,41407.0,26733,86710,0,0,0.0
20160517,41381.0,41883.0,41264.0,40323.0,1688,86710,0,0,0.0
20160518,40870.0,41059.0,39905.0,40323.0,22418,88571,0,0,0.0
20160519,39925.0,40080.0,38207.0,38416.0,30877,87460,0,0,0.0
20160520,38625.0,39132.0,38377.0,38649.0,16023,85991,0,0,0.0
20160523,38548.0,38744.0,37682.0,37858.0,16437,85228,0,0,0.0
20160524,37913.0,38309.0,37543.0,37750.0,16042,83789,0,0,0.0
20160525,37913.0,38200.0,37435.0,37626.0,18911,82872,0,0,0.0
20160526,37743.0,37951.0,37435.0,37657.0,20025,83637,0,0,0.0
20160527,37805.0,38013.0,37311.0,37595.0,14748,85178,0,0,0.0
