Date,Open,High,Low,Close,Volume,OI,P,R,RINFO
20140530,38900.0,38950.0,38800.0,38850.0,18373,128235,0,0,0.0
20140602,38850.0,38850.0,38650.0,38700.0,29453,125863,0,0,0.0
20140603,38700.0,38750.0,38500.0,38600.0,29438,129378,0,0,0.0
20140604,38550.0,38650.0,38500.0,38600.0,16290,131069,0,0,0.0
20140605,38650.0,38850.0,38600.0,38800.0,52429,133749,201409,201409,0.0
20140606,38850.0,38950.0,38600.0,38700.0,69580,38245,0,0,-250.0
20140609,38749.0,38799.0,38348.0,38398.0,62321,49227,0,0,0.0
20140610,38397.0,38447.0,38247.0,38348.0,163126,98383,0,0,0.0
20140611,38447.0,38497.0,38297.0,38449.0,109543,116973,0,0,0.0
20140612,38497.0,38598.0,38398.0,38550.0,141914,138717,0,0,0.0
20140613,38547.0,38548.0,38348.0,38500.0,43676,141122,0,0,0.0
20140616,38497.0,38498.0,38348.0,38349.0,12759,140361,0,0,0.0
20140617,38346.0,38397.0,38096.0,38148.0,28813,134637,0,0,0.0
20140618,38094.0,38598.0,38096.0,38450.0,30941,129398,0,0,0.0
20140619,38547.0,38598.0,38398.0,38500.0,16548,129280,0,0,0.0
20140620,38446.0,38548.0,38398.0,38550.0,13928,129279,0,0,0.0
20140623,38496.0,38598.0,38398.0,38449.0,16411,128870,0,0,0.0
20140624,38395.0,38497.0,38297.0,38348.0,13783,127954,0,0,0.0
20140625,38294.0,38497.0,38297.0,38499.0,19235,127631,0,0,0.0
20140626,38495.0,38497.0,38347.0,38449.0,17815,127322,0,0,0.0
20140627,38445.0,38648.0,38448.0,38600.0,16160,127271,0,0,0.0
20140630,38596.0,38648.0,38498.0,38550.0,18488,127464,0,0,0.0
20140701,38596.0,38698.0,38548.0,38701.0,15738,128909,0,0,0.0
20140702,38697.0,38698.0,38498.0,38550.0,15604,127596,0,0,0.0
20140703,38546.0,38648.0,38347.0,38600.0,19223,126763,0,0,0.0
20140707,38596.0,38648.0,38448.0,38499.0,15765,126307,0,0,0.0
20140708,38495.0,38598.0,38448.0,38549.0,16449,125715,0,0,0.0
20140709,38545.0,38648.0,38498.0,38650.0,19846,126883,0,0,0.0
20140710,38646.0,38648.0,38448.0,38549.0,21399,126340,0,0,0.0
20140711,38545.0,38598.0,38498.0,38549.0,10650,126095,0,0,0.0
20140714,38545.0,38699.0,38548.0,38650.0,16408,126956,0,0,0.0
20140715,38696.0,38749.0,38598.0,38700.0,27783,130584,0,0,0.0
20140716,38696.0,38850.0,38699.0,38801.0,23440,138025,0,0,0.0
20140717,38746.0,38800.0,38548.0,38650.0,44644,141306,0,0,0.0
20140718,38545.0,38750.0,38548.0,38700.0,23890,139450,0,0,0.0
20140721,38696.0,38750.0,38598.0,38650.0,15394,137079,0,0,0.0
20140722,38646.0,38750.0,38598.0,38751.0,23188,141678,0,0,0.0
20140723,38747.0,38800.0,38699.0,38751.0,14753,144001,0,0,0.0
20140724,38747.0,38800.0,38699.0,38701.0,19064,144579,0,0,0.0
20140725,38697.0,38750.0,38649.0,38701.0,22823,147225,0,0,0.0
20140728,38697.0,38750.0,38548.0,38600.0,22267,146281,0,0,0.0
20140729,38546.0,38599.0,38347.0,38399.0,36793,144608,0,0,0.0
20140730,38395.0,38398.0,38045.0,38147.0,62711,148614,0,0,0.0
20140731,38143.0,38146.0,37844.0,37946.0,64631,146264,0,0,0.0
20140801,37942.0,38146.0,37743.0,37996.0,70496,140101,0,0,0.0
20140804,38043.0,38096.0,37944.0,38046.0,53372,137391,0,0,0.0
20140805,38043.0,38096.0,37743.0,37744.0,60055,142680,0,0,0.0
20140806,37741.0,37945.0,37642.0,37895.0,66746,144806,0,0,0.0
20140807,37892.0,37995.0,37743.0,37744.0,64121,144135,0,0,0.0
20140808,37791.0,37995.0,37693.0,37895.0,55476,143286,0,0,0.0
20140811,37892.0,38146.0,37844.0,38046.0,50320,144880,0,0,0.0
20140812,38043.0,38247.0,37995.0,38197.0,38795,144203,0,0,0.0
20140813,38194.0,38348.0,38196.0,38247.0,36344,140812,0,0,0.0
20140814,38244.0,38449.0,38246.0,38348.0,40588,136219,0,0,0.0
20140815,38395.0,38550.0,38246.0,38449.0,42814,132268,0,0,0.0
20140818,38445.0,38500.0,38397.0,38499.0,27041,131010,0,0,0.0
20140819,38495.0,38550.0,38447.0,38499.0,29750,129246,0,0,0.0
20140820,38495.0,38500.0,38246.0,38298.0,39069,127084,0,0,0.0
20140821,38243.0,38450.0,38246.0,38348.0,35916,127963,0,0,0.0
20140822,38344.0,38349.0,38196.0,38298.0,33380,123641,0,0,0.0
20140825,38243.0,38299.0,38196.0,38248.0,25093,125974,0,0,0.0
20140826,38243.0,38400.0,38196.0,38349.0,21377,126983,0,0,0.0
20140827,38344.0,38501.0,38347.0,38349.0,21124,126931,0,0,0.0
20140828,38394.0,38501.0,38297.0,38450.0,36220,129170,0,0,0.0
20140829,38444.0,38551.0,38398.0,38450.0,20752,130417,0,0,0.0
20140902,38494.0,38501.0,38247.0,38349.0,20752,130417,0,0,0.0
20140903,38343.0,38451.0,38297.0,38399.0,18784,128929,0,0,0.0
20140904,38343.0,38552.0,38247.0,38248.0,56477,128347,0,0,0.0
20140905,38242.0,38602.0,38247.0,38550.0,66578,133845,201412,201412,0.0
20140908,38494.0,38552.0,38197.0,38198.0,53830,21500,0,0,-150.0
20140909,38191.0,38198.0,37944.0,37945.0,97889,39342,0,0,0.0
20140910,38039.0,38097.0,37893.0,38046.0,160189,76786,0,0,0.0
20140911,38090.0,38097.0,37944.0,37995.0,118969,96189,0,0,0.0
20140912,37938.0,37996.0,37742.0,37944.0,123425,122947,0,0,0.0
20140915,37938.0,38097.0,37843.0,37944.0,51456,131210,0,0,0.0
20140916,37938.0,38249.0,37894.0,38197.0,44848,134238,0,0,0.0
20140917,38140.0,38198.0,37894.0,38096.0,62760,134477,0,0,0.0
20140918,37887.0,38046.0,37894.0,37944.0,69531,147613,0,0,0.0
20140919,37938.0,38097.0,37894.0,37944.0,34782,145282,0,0,0.0
20140922,37989.0,38046.0,37793.0,37893.0,40228,149043,0,0,0.0
20140923,37837.0,37945.0,37692.0,37741.0,47331,149838,0,0,0.0
20140924,37786.0,37894.0,37692.0,37842.0,37408,147901,0,0,0.0
20140925,37837.0,37843.0,37490.0,37539.0,61762,147557,0,0,0.0
20140926,37534.0,37641.0,37237.0,37387.0,63783,148978,0,0,0.0
20140929,37332.0,37388.0,37136.0,37235.0,45787,151690,0,0,0.0
20140930,37231.0,37489.0,37187.0,37437.0,52219,147115,0,0,0.0
20141001,37433.0,37489.0,37288.0,37336.0,51166,147384,0,0,0.0
20141002,37382.0,37641.0,37339.0,37639.0,53869,142857,0,0,0.0
20141003,37584.0,37641.0,37238.0,37235.0,54147,146324,0,0,0.0
20141006,37331.0,37641.0,37289.0,37488.0,57558,144535,0,0,0.0
20141007,37533.0,37590.0,37289.0,37336.0,41174,145491,0,0,0.0
20141008,37331.0,37792.0,37238.0,37589.0,63541,139229,0,0,0.0
20141009,37685.0,37893.0,37440.0,37437.0,60376,138956,0,0,0.0
20141010,37432.0,37590.0,37288.0,37437.0,46663,140060,0,0,0.0
20141013,37331.0,37590.0,37339.0,37488.0,29417,139072,0,0,0.0
20141014,37432.0,37590.0,37288.0,37437.0,37085,137398,0,0,0.0
20141015,37432.0,37438.0,36934.0,37083.0,98407,136803,0,0,0.0
20141016,37179.0,37236.0,36782.0,37134.0,83710,133189,0,0,0.0
20141017,37078.0,37337.0,37085.0,37185.0,34249,132317,0,0,0.0
20141020,37179.0,37236.0,37136.0,37185.0,34365,128311,0,0,0.0
20141021,37179.0,37337.0,37136.0,37185.0,38845,126686,0,0,0.0
20141022,37179.0,37236.0,37085.0,37185.0,30085,127288,0,0,0.0
20141023,37128.0,37287.0,37136.0,37185.0,33296,127496,0,0,0.0
20141024,37128.0,37236.0,37085.0,37185.0,35701,126373,0,0,0.0
20141027,37179.0,37236.0,36984.0,37134.0,59395,125666,0,0,0.0
20141028,37179.0,37489.0,37186.0,37387.0,42605,121752,0,0,0.0
20141029,37482.0,37540.0,37287.0,37387.0,55063,121711,0,0,0.0
20141030,37280.0,37540.0,37236.0,37488.0,62826,121513,0,0,0.0
20141031,37482.0,37591.0,37337.0,37437.0,49283,123547,0,0,0.0
20141103,37330.0,37439.0,37034.0,37033.0,50013,123845,0,0,0.0
20141104,37027.0,37186.0,36832.0,37185.0,37381,122909,0,0,0.0
20141105,37179.0,37186.0,36933.0,37134.0,40024,125245,0,0,0.0
20141106,37128.0,37186.0,36933.0,36932.0,41153,127513,0,0,0.0
20141107,36926.0,37338.0,36933.0,37286.0,39958,123139,0,0,0.0
20141110,37229.0,37338.0,37034.0,37033.0,54670,122417,0,0,0.0
20141111,37027.0,37136.0,36983.0,37134.0,23148,121880,0,0,0.0
20141112,37027.0,37187.0,37034.0,37134.0,27794,122161,0,0,0.0
20141113,37179.0,37187.0,36983.0,37033.0,26735,125345,0,0,0.0
20141114,37027.0,37389.0,36983.0,37286.0,42951,123256,0,0,0.0
20141117,37280.0,37288.0,37084.0,37134.0,19957,121632,0,0,0.0
20141118,37078.0,37288.0,37084.0,37235.0,18045,121337,0,0,0.0
20141119,37179.0,37187.0,36983.0,36982.0,38544,125719,0,0,0.0
20141120,37027.0,37136.0,36932.0,36982.0,22919,126440,0,0,0.0
20141121,36926.0,37085.0,36881.0,37083.0,32482,127033,0,0,0.0
20141124,36977.0,37085.0,36932.0,36931.0,20613,128698,0,0,0.0
20141125,36926.0,37034.0,36881.0,36931.0,32197,128526,0,0,0.0
20141126,36875.0,36933.0,36679.0,36779.0,46826,135453,0,0,0.0
20141128,36723.0,36832.0,36174.0,36274.0,67418,139659,0,0,0.0
20141201,36268.0,36377.0,36022.0,36173.0,49291,135378,0,0,0.0
20141202,36116.0,36124.0,35719.0,35769.0,47565,139113,0,0,0.0
20141203,35762.0,35871.0,35719.0,35718.0,57110,131933,0,0,0.0
20141204,35762.0,35820.0,35618.0,35667.0,47331,132829,0,0,0.0
20141205,35661.0,35719.0,34911.0,35111.0,76641,133932,201503,201503,0.0
20141208,35156.0,35365.0,34962.0,35212.0,208499,104543,0,0,-200.0
20141209,35156.0,35213.0,35013.0,35060.0,93492,114566,0,0,0.0
20141210,35004.0,35111.0,34708.0,34704.0,123129,124874,0,0,0.0
20141211,34699.0,34857.0,34149.0,34298.0,125843,131930,0,0,0.0
20141212,34242.0,34451.0,33844.0,34349.0,54734,136530,0,0,0.0
20141215,34191.0,34349.0,34098.0,34247.0,38540,136233,0,0,0.0
20141216,34242.0,34451.0,33996.0,34349.0,55270,137495,0,0,0.0
20141217,34293.0,35213.0,34199.0,34552.0,74645,132827,0,0,0.0
20141218,34649.0,34959.0,34656.0,34654.0,30814,132905,0,0,0.0
20141219,34700.0,34857.0,34402.0,34654.0,31052,132384,0,0,0.0
20141222,34649.0,34755.0,34453.0,34552.0,17274,131133,0,0,0.0
20141223,34446.0,34704.0,34199.0,34349.0,15320,130593,0,0,0.0
20141224,34243.0,34399.0,34199.0,34400.0,5698,130258,0,0,0.0
20141226,34294.0,34501.0,34301.0,34451.0,7173,128688,0,0,0.0
20141229,34396.0,34450.0,34199.0,34248.0,12525,129331,0,0,0.0
20141231,34294.0,34399.0,34250.0,34299.0,8913,129098,0,0,0.0
20150102,34294.0,34348.0,33996.0,34147.0,20162,129436,0,0,0.0
20150105,34091.0,34145.0,33742.0,33791.0,29313,132257,0,0,0.0
20150106,33837.0,34145.0,33742.0,34045.0,33796,130970,0,0,0.0
20150107,33989.0,34450.0,33945.0,34401.0,36297,130954,0,0,0.0
20150108,34395.0,34704.0,34301.0,34452.0,38680,131244,0,0,0.0
20150109,34446.0,34806.0,34403.0,34655.0,40608,132238,0,0,0.0
20150112,34700.0,34755.0,34505.0,34503.0,19398,129991,0,0,0.0
20150113,34497.0,34806.0,34454.0,34554.0,32514,129169,0,0,0.0
20150114,34649.0,34908.0,34403.0,34859.0,49295,132525,0,0,0.0
20150115,34954.0,35111.0,34505.0,34605.0,49594,131183,0,0,0.0
20150116,34598.0,34755.0,34454.0,34757.0,37110,130437,0,0,0.0
20150120,34750.0,34806.0,34505.0,34554.0,64142,130903,0,0,0.0
20150121,34496.0,34704.0,34200.0,34249.0,39368,133627,0,0,0.0
20150122,34293.0,34704.0,34251.0,34605.0,52323,131505,0,0,0.0
20150123,34598.0,34704.0,34353.0,34554.0,33619,131414,0,0,0.0
20150126,34547.0,34806.0,34455.0,34706.0,24042,133813,0,0,0.0
20150127,34750.0,34806.0,34557.0,34655.0,24198,133374,0,0,0.0
20150128,34598.0,34654.0,34303.0,34452.0,39253,132505,0,0,0.0
20150129,34395.0,34451.0,33998.0,34249.0,54477,135563,0,0,0.0
20150130,34243.0,34299.0,33642.0,33893.0,103761,131204,0,0,0.0
20150202,33887.0,34147.0,33794.0,34045.0,43356,125978,0,0,0.0
20150203,34039.0,34604.0,33997.0,34502.0,55737,122439,0,0,0.0
20150204,34598.0,34655.0,33997.0,34146.0,37471,117659,0,0,0.0
20150206,34242.0,34401.0,33895.0,34044.0,44283,118038,0,0,0.0
20150209,34039.0,34299.0,34047.0,34247.0,24186,117338,0,0,0.0
20150210,34141.0,34248.0,33793.0,33891.0,35096,120225,0,0,0.0
20150211,33938.0,33994.0,33488.0,33586.0,56750,121255,0,0,0.0
20150213,33989.0,34197.0,33793.0,34043.0,27215,121800,0,0,0.0
20150217,33989.0,34197.0,33996.0,34043.0,36516,120699,0,0,0.0
20150218,33989.0,34197.0,33894.0,34094.0,31865,121515,0,0,0.0
20150219,34040.0,34146.0,33742.0,33789.0,37330,123289,0,0,0.0
20150220,33786.0,33892.0,33590.0,33789.0,37823,123020,0,0,0.0
20150223,33735.0,33790.0,33539.0,33637.0,26825,123372,0,0,0.0
20150224,33583.0,34146.0,33488.0,33993.0,58571,126016,0,0,0.0
20150225,33989.0,34146.0,33945.0,33993.0,25709,124583,0,0,0.0
20150226,33989.0,34248.0,33793.0,33891.0,49398,122586,0,0,0.0
20150227,33837.0,34045.0,33742.0,33993.0,29131,122518,0,0,0.0
20150302,33989.0,33994.0,33793.0,33790.0,25435,122360,0,0,0.0
20150303,33735.0,33994.0,33742.0,33892.0,30465,122991,0,0,0.0
20150304,33837.0,33892.0,33590.0,33740.0,41479,121386,0,0,0.0
20150305,33735.0,33790.0,33285.0,33435.0,87708,116334,201506,201506,0.0
20150306,33379.0,33434.0,32726.0,32774.0,125934,98936,0,0,-200.0
20150309,32817.0,32923.0,32726.0,32774.0,61938,112495,0,0,0.0
20150310,32766.0,32821.0,32470.0,32467.0,128605,120894,0,0,0.0
20150311,32357.0,32974.0,32368.0,32876.0,70017,135401,0,0,0.0
20150312,32970.0,33025.0,32624.0,32723.0,62284,136666,0,0,0.0
20150313,32817.0,33025.0,32726.0,32928.0,20158,135963,0,0,0.0
20150316,32919.0,33025.0,32879.0,32979.0,17200,134978,0,0,0.0
20150317,33021.0,33894.0,32930.0,33388.0,56680,134010,0,0,0.0
20150318,33634.0,33690.0,33135.0,33183.0,54325,136459,0,0,0.0
20150319,33890.0,34099.0,33697.0,34001.0,44554,145990,0,0,0.0
20150320,34094.0,34201.0,33902.0,34103.0,35759,146925,0,0,0.0
20150323,34043.0,34201.0,33902.0,33950.0,33440,148866,0,0,0.0
20150324,33941.0,33997.0,33595.0,33694.0,38759,150825,0,0,0.0
20150325,33583.0,33690.0,33390.0,33489.0,20678,149810,0,0,0.0
20150326,33430.0,33486.0,33339.0,33336.0,21514,152122,0,0,0.0
20150327,33328.0,33435.0,33186.0,33387.0,27588,154249,0,0,0.0
20150330,33328.0,33691.0,33237.0,33592.0,30217,154110,0,0,0.0
20150331,33584.0,33947.0,33595.0,33950.0,9186,152946,0,0,0.0
20150401,34453.0,34458.0,34055.0,34206.0,33641,147936,0,0,0.0
20150402,34095.0,34254.0,34055.0,34155.0,23091,147611,0,0,0.0
20150406,34044.0,34305.0,34004.0,34155.0,55158,135058,0,0,0.0
20150407,34146.0,34203.0,33697.0,33746.0,30381,133227,0,0,0.0
20150408,33737.0,33794.0,33441.0,33490.0,30381,133227,0,0,0.0
20150409,32822.0,33109.0,32776.0,32897.0,32255,124295,0,0,0.0
20150410,33231.0,33932.0,33241.0,33766.0,54057,135726,0,0,0.0
20150413,33430.0,33462.0,33047.0,33132.0,30676,131837,0,0,0.0
20150414,33077.0,33498.0,33078.0,33342.0,62843,131214,0,0,0.0
20150415,33317.0,33462.0,33006.0,33388.0,49102,127043,0,0,0.0
20150416,33317.0,33682.0,33236.0,33608.0,46160,124778,0,0,0.0
20150417,33547.0,33682.0,33103.0,33173.0,46804,121411,0,0,0.0
20150420,33302.0,33334.0,32924.0,32938.0,37601,119586,0,0,0.0
20150421,32924.0,33160.0,32858.0,32928.0,37872,118053,0,0,0.0
20150422,32955.0,33180.0,32904.0,33020.0,33821,114588,0,0,0.0
20150423,32970.0,33318.0,32894.0,33214.0,32678,109396,0,0,0.0
20150424,33144.0,33303.0,32991.0,33091.0,36145,106896,0,0,0.0
20150427,33098.0,33318.0,33017.0,33188.0,45378,100518,0,0,0.0
20150428,33108.0,33548.0,33109.0,33418.0,42912,98418,0,0,0.0
20150429,33410.0,33650.0,33303.0,33582.0,53678,95346,0,0,0.0
20150430,33507.0,33512.0,33078.0,33193.0,49440,93223,0,0,0.0
20150501,33226.0,33251.0,32684.0,32692.0,40839,94053,0,0,0.0
20150504,32679.0,33041.0,32689.0,33019.0,57855,99180,0,0,0.0
20150505,32950.0,33378.0,32924.0,33193.0,38419,101304,0,0,0.0
20150506,33246.0,33444.0,33180.0,33208.0,36351,98718,0,0,0.0
20150507,33159.0,33383.0,33032.0,33331.0,26046,98112,0,0,0.0
20150508,33302.0,33751.0,33283.0,33709.0,39272,98588,0,0,0.0
20150511,33736.0,33746.0,33171.0,33234.0,34430,100506,0,0,0.0
20150512,33220.0,33368.0,33059.0,33198.0,48438,94829,0,0,0.0
20150513,33251.0,33649.0,33258.0,33403.0,31980,88030,0,0,0.0
20150514,33394.0,33859.0,33360.0,33812.0,38628,86804,0,0,0.0
20150515,33798.0,34043.0,33682.0,33986.0,28941,84374,0,0,0.0
20150518,33931.0,34002.0,33687.0,33746.0,23988,82188,0,0,0.0
20150519,33788.0,33854.0,33508.0,33608.0,25478,79532,0,0,0.0
20150520,33558.0,33731.0,33477.0,33639.0,30130,79668,0,0,0.0
20150521,33548.0,33731.0,33441.0,33506.0,25395,78929,0,0,0.0
20150522,33507.0,33608.0,33293.0,33455.0,25640,81678,0,0,0.0
20150526,33389.0,33496.0,33262.0,33286.0,26096,81926,0,0,0.0
20150527,33343.0,33465.0,33150.0,33378.0,35741,81527,0,0,0.0
20150528,33374.0,33414.0,33130.0,33306.0,31958,80626,0,0,0.0
20150529,33333.0,33348.0,33074.0,33163.0,25479,81426,0,0,0.0
20150601,33139.0,33220.0,32880.0,32979.0,40391,84021,0,0,0.0
20150602,32960.0,33205.0,32957.0,33122.0,59518,89509,0,0,0.0
20150603,33129.0,33144.0,32875.0,32907.0,60646,104028,0,0,0.0
20150604,32889.0,32980.0,32788.0,32846.0,33801,121921,0,0,0.0
20150605,32843.0,32908.0,32394.0,32539.0,60642,117244,201509,201509,0.0
20150608,32526.0,32683.0,32384.0,32646.0,19445,52803,0,0,-160.0
20150609,32675.0,32837.0,32584.0,32800.0,44138,67137,0,0,0.0
20150610,32742.0,33125.0,32718.0,33036.0,44155,92978,0,0,0.0
20150611,33019.0,33264.0,32795.0,33200.0,32934,110488,0,0,0.0
20150612,33178.0,33259.0,33037.0,33133.0,28556,125664,0,0,0.0
20150615,33065.0,33146.0,33032.0,33061.0,16598,129660,0,0,0.0
20150616,33044.0,33192.0,33011.0,33164.0,16036,130868,0,0,0.0
20150617,33136.0,33505.0,33083.0,33431.0,34361,133318,0,0,0.0
20150618,33475.0,33664.0,33222.0,33349.0,60982,134951,0,0,0.0
20150619,33316.0,33428.0,33237.0,33339.0,23093,126321,0,0,0.0
20150622,33295.0,33428.0,33268.0,33288.0,30770,121530,0,0,0.0
20150623,33269.0,33346.0,33083.0,33118.0,27806,113430,0,0,0.0
20150624,33151.0,33264.0,32949.0,32974.0,35358,111531,0,0,0.0
20150625,32956.0,33064.0,32934.0,32974.0,16495,110060,0,0,0.0
20150626,32961.0,33002.0,32780.0,32835.0,17168,105600,0,0,0.0
20150629,32637.0,32730.0,32523.0,32542.0,37505,108409,0,0,0.0
20150630,32565.0,32694.0,32466.0,32511.0,36540,112004,0,0,0.0
20150701,32437.0,32545.0,32317.0,32362.0,40957,111122,0,0,0.0
20150702,32350.0,32684.0,32235.0,32583.0,57771,120646,0,0,0.0
20150706,32427.0,32566.0,32230.0,32480.0,50138,128861,0,0,0.0
20150707,32504.0,32556.0,32220.0,32367.0,44989,135938,0,0,0.0
20150708,32365.0,32417.0,32230.0,32341.0,28415,140070,0,0,0.0
20150709,32267.0,32499.0,32256.0,32398.0,26649,138097,0,0,0.0
20150710,32339.0,32627.0,32323.0,32547.0,27174,135379,0,0,0.0
20150713,32483.0,32581.0,32359.0,32542.0,38923,133760,0,0,0.0
20150714,32529.0,32730.0,32467.0,32624.0,23265,131500,0,0,0.0
20150715,32642.0,32720.0,32369.0,32382.0,62416,131254,0,0,0.0
20150716,32426.0,32432.0,32312.0,32341.0,22179,137062,0,0,0.0
20150717,32272.0,32386.0,32117.0,32161.0,28323,135210,0,0,0.0
20150720,32144.0,32170.0,31906.0,31950.0,23941,141980,0,0,0.0
20150721,31969.0,32088.0,31947.0,31986.0,20790,140980,0,0,0.0
20150722,31954.0,31996.0,31685.0,31739.0,31800,140934,0,0,0.0
20150723,31779.0,31893.0,31567.0,31595.0,32494,143829,0,0,0.0
20150724,31568.0,31595.0,31413.0,31492.0,31326,147284,0,0,0.0
20150727,31491.0,31549.0,31315.0,31394.0,28680,147021,0,0,0.0
20150728,31404.0,31570.0,31361.0,31409.0,30880,145275,0,0,0.0
20150729,31450.0,31673.0,31412.0,31532.0,26254,144985,0,0,0.0
20150730,31445.0,31606.0,31057.0,31419.0,49090,145561,0,0,0.0
20150731,31430.0,31991.0,31432.0,31732.0,60140,144117,0,0,0.0
20150803,31826.0,31852.0,31648.0,31686.0,42759,143003,0,0,0.0
20150804,31646.0,31816.0,31432.0,31511.0,26378,140015,0,0,0.0
20150805,31441.0,31559.0,31242.0,31249.0,36063,138752,0,0,0.0
20150806,31302.0,31405.0,31216.0,31372.0,28892,136092,0,0,0.0
20150807,31410.0,31806.0,31319.0,31762.0,47257,129320,0,0,0.0
20150810,31729.0,31842.0,31494.0,31777.0,35436,127611,0,0,0.0
20150811,31719.0,31724.0,31314.0,31417.0,36632,120303,0,0,0.0
20150812,31426.0,31683.0,31273.0,31458.0,66628,120949,0,0,0.0
20150813,31508.0,31555.0,31227.0,31263.0,27360,118729,0,0,0.0
20150814,31231.0,31391.0,31212.0,31278.0,20524,120262,0,0,0.0
20150817,31277.0,31304.0,31114.0,31242.0,26608,118854,0,0,0.0
20150818,31179.0,31294.0,31145.0,31237.0,20157,117163,0,0,0.0
20150819,31246.0,31315.0,30826.0,30903.0,53572,117971,0,0,0.0
20150820,30902.0,30919.0,30512.0,30636.0,43920,125092,0,0,0.0
20150821,30558.0,30564.0,30193.0,30215.0,64421,126118,0,0,0.0
20150824,30219.0,30230.0,29741.0,29860.0,103315,131718,0,0,0.0
20150825,29885.0,30369.0,29798.0,30035.0,47565,146760,0,0,0.0
20150826,29834.0,30210.0,29654.0,29932.0,42030,143690,0,0,0.0
20150827,30117.0,30570.0,30106.0,30384.0,48045,140929,0,0,0.0
20150828,30430.0,30729.0,30291.0,30656.0,42011,140601,0,0,0.0
20150831,30666.0,30806.0,30353.0,30707.0,37051,139478,0,0,0.0
20150901,30645.0,30678.0,30219.0,30260.0,38833,138172,0,0,0.0
20150902,30285.0,30544.0,30229.0,30450.0,40139,137784,0,0,0.0
20150903,30496.0,30672.0,30311.0,30522.0,40578,135661,0,0,0.0
20150904,30542.0,30631.0,30285.0,30332.0,42541,131557,201512,201512,0.0
20150908,30290.0,30616.0,30177.0,30558.0,19875,56029,0,0,-160.0
20150909,30507.0,30678.0,30451.0,30465.0,55171,71932,0,0,0.0
20150910,30399.0,30719.0,30203.0,30610.0,55527,107324,0,0,0.0
20150911,30606.0,30678.0,30410.0,30507.0,39633,130109,0,0,0.0
20150914,30456.0,30668.0,30436.0,30579.0,19077,129500,0,0,0.0
20150915,30637.0,30782.0,30576.0,30651.0,24821,129172,0,0,0.0
20150916,30756.0,31035.0,30736.0,30961.0,23781,129928,0,0,0.0
20150917,31009.0,31371.0,30891.0,31297.0,72390,130868,0,0,0.0
20150918,30947.0,31242.0,30808.0,30941.0,44098,132686,0,0,0.0
20150921,30844.0,31010.0,30648.0,30807.0,26346,126744,0,0,0.0
20150922,30823.0,30860.0,30348.0,30383.0,55864,130279,0,0,0.0
20150923,30399.0,30493.0,29945.0,29975.0,35798,121837,0,0,0.0
20150924,30006.0,30570.0,29604.0,30399.0,82381,122213,0,0,0.0
20150925,30486.0,30730.0,30162.0,30265.0,47364,125312,0,0,0.0
20150928,30192.0,30368.0,29997.0,30053.0,33100,123124,0,0,0.0
20150929,30063.0,30280.0,29950.0,30099.0,54094,122099,0,0,0.0
20150930,30146.0,30471.0,30157.0,30337.0,33930,137791,0,0,0.0
20151001,30358.0,30616.0,30338.0,30425.0,36156,137691,0,0,0.0
20151002,30425.0,30740.0,30193.0,30595.0,60206,141338,0,0,0.0
20151005,30683.0,30998.0,30586.0,30693.0,66538,129030,0,0,0.0
20151006,30683.0,30915.0,30514.0,30786.0,26455,118269,0,0,0.0
20151007,30853.0,31173.0,30845.0,30900.0,35354,114683,0,0,0.0
20151008,30889.0,31250.0,30819.0,31205.0,31979,113618,0,0,0.0
20151009,31256.0,31405.0,31186.0,31282.0,31113,111609,0,0,0.0
20151012,31318.0,31379.0,31170.0,31272.0,15065,110706,0,0,0.0
20151013,31241.0,31250.0,30875.0,30947.0,32614,112119,0,0,0.0
20151014,30905.0,31276.0,30865.0,31174.0,29888,111522,0,0,0.0
20151015,31267.0,31519.0,31201.0,31479.0,42260,113331,0,0,0.0
20151016,31412.0,31483.0,31191.0,31433.0,26632,112006,0,0,0.0
20151019,31304.0,31462.0,31134.0,31195.0,27645,111631,0,0,0.0
20151020,31227.0,31286.0,30979.0,31035.0,30651,114555,0,0,0.0
20151021,31077.0,31095.0,30808.0,30942.0,27942,115058,0,0,0.0
20151022,30886.0,31276.0,30896.0,31247.0,41943,115576,0,0,0.0
20151023,31232.0,31415.0,30989.0,31009.0,49755,108571,0,0,0.0
20151026,31000.0,31255.0,31010.0,31102.0,37231,103577,0,0,0.0
20151027,31150.0,31193.0,31005.0,31148.0,22120,100726,0,0,0.0
20151028,31093.0,31348.0,30922.0,30947.0,59024,100808,0,0,0.0
20151029,30964.0,31043.0,30844.0,31024.0,31618,92292,0,0,0.0
20151030,30985.0,31244.0,30963.0,31205.0,29174,92516,0,0,0.0
20151102,31228.0,31337.0,31165.0,31293.0,16576,92443,0,0,0.0
20151103,31316.0,31461.0,31206.0,31422.0,37196,93315,0,0,0.0
20151104,31383.0,31502.0,31108.0,31153.0,37125,94930,0,0,0.0
20151105,31114.0,31197.0,30989.0,31008.0,25973,96267,0,0,0.0
20151106,30990.0,31027.0,30519.0,30605.0,53683,96017,0,0,0.0
20151109,30608.0,30743.0,30467.0,30667.0,48582,101451,0,0,0.0
20151110,30675.0,30820.0,30591.0,30750.0,29907,102436,0,0,0.0
20151111,30716.0,30939.0,30720.0,30781.0,28470,103686,0,0,0.0
20151112,30799.0,30887.0,30658.0,30807.0,34657,108291,0,0,0.0
20151113,30773.0,30923.0,30710.0,30869.0,40741,113968,0,0,0.0
20151116,30856.0,30908.0,30617.0,30683.0,33507,123904,0,0,0.0
20151117,30748.0,30841.0,30689.0,30750.0,26480,123504,0,0,0.0
20151118,30779.0,30882.0,30642.0,30765.0,29333,126412,0,0,0.0
20151119,30779.0,31161.0,30782.0,31039.0,47001,126168,0,0,0.0
20151120,31032.0,31342.0,30968.0,31225.0,37411,128833,0,0,0.0
20151123,31249.0,31285.0,31020.0,31173.0,27028,131041,0,0,0.0
20151124,31172.0,31383.0,31144.0,31245.0,31883,132573,0,0,0.0
20151125,31218.0,31295.0,31118.0,31235.0,26564,133920,0,0,0.0
20151127,31249.0,31269.0,31061.0,31090.0,25009,135273,0,0,0.0
20151130,31011.0,31181.0,31020.0,31116.0,30980,132629,0,0,0.0
20151201,31161.0,31336.0,31139.0,31214.0,28401,129793,0,0,0.0
20151202,31228.0,31284.0,31061.0,31085.0,39375,131447,0,0,0.0
20151203,31125.0,31238.0,30818.0,30878.0,50436,131279,0,0,0.0
20151204,30908.0,31011.0,30787.0,30986.0,33531,129269,0,0,0.0
20151207,31006.0,31006.0,30425.0,30542.0,46383,125688,201603,201603,0.0
20151208,30598.0,30598.0,30249.0,30361.0,45340,64100,0,0,-155.0
20151209,30338.0,30520.0,30223.0,30226.0,31402,93337,0,0,0.0
20151210,30234.0,30333.0,30031.0,30039.0,67145,111344,0,0,0.0
20151211,30031.0,30079.0,29636.0,29717.0,64289,143684,0,0,0.0
20151214,29782.0,29871.0,29579.0,29769.0,59329,145705,0,0,0.0
20151215,29787.0,30188.0,29766.0,30148.0,40833,141342,0,0,0.0
20151216,30145.0,30546.0,30041.0,30413.0,54202,144311,0,0,0.0
20151217,30384.0,30510.0,30119.0,30392.0,44430,141870,0,0,0.0
20151218,30285.0,30458.0,30140.0,30309.0,31508,141009,0,0,0.0
20151221,30207.0,30333.0,29989.0,30008.0,27781,140948,0,0,0.0
20151222,30134.0,30208.0,29979.0,30024.0,18626,138180,0,0,0.0
20151223,30030.0,30120.0,29969.0,29982.0,19531,137717,0,0,0.0
20151228,29859.0,29980.0,29865.0,29946.0,19592,137779,0,0,0.0
20151229,29989.0,30120.0,29917.0,29951.0,19215,137103,0,0,0.0
20151230,29921.0,29959.0,29683.0,29717.0,23809,139628,0,0,0.0
20151231,29703.0,30089.0,29673.0,30013.0,22428,142906,0,0,0.0
20160104,30056.0,30099.0,29720.0,29805.0,27580,140886,0,0,0.0
20160105,29848.0,29938.0,29736.0,29784.0,25979,142889,0,0,0.0
20160106,29796.0,29819.0,29440.0,29436.0,39594,143241,0,0,0.0
20160107,29448.0,29507.0,28983.0,29057.0,58919,146195,0,0,0.0
20160108,29017.0,29190.0,28770.0,28870.0,51946,145107,0,0,0.0
20160111,28773.0,29060.0,28718.0,28771.0,45236,144172,0,0,0.0
20160112,28898.0,29159.0,28770.0,28911.0,59599,144000,0,0,0.0
20160113,28862.0,29102.0,28812.0,28849.0,55216,135598,0,0,0.0
20160114,28810.0,28977.0,28718.0,28948.0,57950,130999,0,0,0.0
20160115,28981.0,28982.0,28224.0,28309.0,95097,124445,0,0,0.0
20160119,28311.0,28660.0,28266.0,28262.0,62383,118054,0,0,0.0
20160120,28327.0,28333.0,27705.0,27904.0,76101,118551,0,0,0.0
20160121,27943.0,28079.0,27528.0,27624.0,69710,117881,0,0,0.0
20160122,27652.0,28167.0,27596.0,28076.0,59615,115863,0,0,0.0
20160125,28078.0,28094.0,27762.0,27832.0,33004,116671,0,0,0.0
20160126,27777.0,28136.0,27705.0,28035.0,41020,114590,0,0,0.0
20160127,28068.0,28214.0,27918.0,27978.0,52410,113963,0,0,0.0
20160128,28042.0,28458.0,28037.0,28212.0,65737,114537,0,0,0.0
20160129,28245.0,28609.0,28224.0,28503.0,52579,112840,0,0,0.0
20160201,28572.0,28593.0,28130.0,28373.0,36516,113074,0,0,0.0
20160202,28427.0,28453.0,27933.0,27973.0,37790,111734,0,0,0.0
20160203,28022.0,28521.0,27834.0,28404.0,64755,112660,0,0,0.0
20160204,28500.0,28750.0,28250.0,28316.0,102114,109421,0,0,0.0
20160205,28365.0,28511.0,28042.0,28088.0,40948,105427,0,0,0.0
20160208,28085.0,28199.0,27564.0,27615.0,46223,104023,0,0,0.0
20160209,27805.0,27804.0,27372.0,27542.0,51127,103030,0,0,0.0
20160210,27566.0,27804.0,27336.0,27469.0,54342,101752,0,0,0.0
20160211,27405.0,27420.0,26650.0,26856.0,75271,101369,0,0,0.0
20160212,27093.0,27436.0,26957.0,27396.0,93806,101456,0,0,0.0
20160216,27347.0,27696.0,27321.0,27458.0,67314,107368,0,0,0.0
20160217,27451.0,28870.0,27363.0,28247.0,141932,107262,0,0,0.0
20160218,28277.0,28693.0,28246.0,28392.0,93575,100789,0,0,0.0
20160219,28345.0,28558.0,28241.0,28470.0,31630,89262,0,0,0.0
20160222,28464.0,28797.0,28423.0,28678.0,27354,88380,0,0,0.0
20160223,28661.0,28740.0,28418.0,28460.0,30615,89984,0,0,0.0
20160224,28490.0,28584.0,28231.0,28507.0,41086,89024,0,0,0.0
20160225,28438.0,28709.0,28428.0,28632.0,33652,88109,0,0,0.0
20160226,28630.0,28854.0,28371.0,28409.0,45731,87309,0,0,0.0
20160229,28386.0,28755.0,28329.0,28674.0,35427,87925,0,0,0.0
20160301,28599.0,29067.0,28558.0,28991.0,43997,86052,0,0,0.0
20160302,28983.0,29171.0,28870.0,29121.0,40472,84063,0,0,0.0
20160303,29108.0,29135.0,28849.0,28986.0,34363,81135,0,0,0.0
20160304,28942.0,29275.0,28891.0,29163.0,50041,79757,0,0,0.0
20160307,29202.0,29332.0,29047.0,29256.0,37714,76583,201606,201606,0.0
20160308,29223.0,29254.0,28938.0,29033.0,13367,67636,0,0,-205.0
20160309,28961.0,29332.0,28943.0,29274.0,17392,76456,0,0,0.0
20160310,29275.0,29473.0,28933.0,29086.0,35625,83934,0,0,0.0
20160311,29118.0,29405.0,29090.0,29368.0,47027,90341,0,0,0.0
20160314,29364.0,29363.0,29142.0,29284.0,24825,95545,0,0,0.0
20160315,29249.0,29279.0,28901.0,29017.0,35090,95852,0,0,0.0
20160316,29055.0,29530.0,28885.0,29331.0,54138,97443,0,0,0.0
20160317,29453.0,30006.0,29466.0,29875.0,65972,98894,0,0,0.0
20160318,29966.0,30147.0,29796.0,29948.0,40992,99580,0,0,0.0
20160321,29908.0,29933.0,29712.0,29859.0,27001,102261,0,0,0.0
20160322,29819.0,30022.0,29644.0,29990.0,37411,103089,0,0,0.0
20160323,29986.0,29996.0,29524.0,29556.0,40482,105334,0,0,0.0
20160324,29547.0,29604.0,29372.0,29451.0,28839,105614,0,0,0.0
20160328,29500.0,29845.0,29471.0,29828.0,19274,106371,0,0,0.0
20160329,29798.0,30075.0,29623.0,30016.0,46347,106581,0,0,0.0
20160330,29981.0,30263.0,29974.0,30178.0,46929,109007,0,0,0.0
20160331,30159.0,30389.0,29922.0,30073.0,59042,109265,0,0,0.0
20160401,30117.0,30143.0,29739.0,29958.0,55821,111075,0,0,0.0
20160404,29965.0,30049.0,29744.0,29738.0,34368,112029,0,0,0.0
20160405,29740.0,29756.0,29262.0,29388.0,50480,113779,0,0,0.0
20160406,29374.0,29500.0,29142.0,29440.0,85319,113777,0,0,0.0
20160407,29463.0,29547.0,28980.0,29016.0,62753,124034,0,0,0.0
20160408,29097.0,29385.0,29079.0,29241.0,46142,147684,0,0,0.0
20160411,29280.0,29579.0,29178.0,29555.0,53042,147858,0,0,0.0
20160412,29489.0,29825.0,29440.0,29811.0,53208,149592,0,0,0.0
20160413,29766.0,29846.0,29634.0,29801.0,45934,153504,0,0,0.0
20160414,29813.0,30040.0,29608.0,29869.0,59240,153189,0,0,0.0
20160415,29844.0,29930.0,29582.0,29639.0,46678,140951,0,0,0.0
20160418,29431.0,29867.0,29315.0,29817.0,67665,133164,0,0,0.0
20160419,29834.0,30191.0,29828.0,30099.0,65763,119928,0,0,0.0
20160420,30069.0,30259.0,29959.0,30198.0,39191,108805,0,0,0.0
20160421,30137.0,30207.0,29729.0,29748.0,48266,108075,0,0,0.0
20160422,29787.0,29951.0,29745.0,29853.0,41651,106067,0,0,0.0
20160425,29787.0,29878.0,29541.0,29544.0,33968,103027,0,0,0.0
20160426,29656.0,30004.0,29588.0,29910.0,44460,103464,0,0,0.0
20160427,29949.0,30109.0,29776.0,30030.0,54292,97470,0,0,0.0
20160428,30069.0,30318.0,29917.0,30250.0,51662,90249,0,0,0.0
20160429,30184.0,30553.0,30184.0,30260.0,59760,87157,0,0,0.0
20160502,30320.0,30448.0,30194.0,30260.0,34650,81050,0,0,0.0
20160503,30294.0,30354.0,29545.0,29627.0,72046,80310,0,0,0.0
20160504,29588.0,29606.0,29210.0,29350.0,108418,78226,0,0,0.0
20160505,29321.0,29564.0,29116.0,29125.0,53427,96281,0,0,0.0
20160506,29148.0,29266.0,28713.0,29224.0,78798,91848,0,0,0.0
20160509,29164.0,29229.0,28640.0,28764.0,65661,88609,0,0,0.0
20160510,28646.0,29020.0,28630.0,28958.0,52904,94262,0,0,0.0
20160511,28944.0,29151.0,28745.0,29057.0,49017,90631,0,0,0.0
20160512,28970.0,29193.0,28923.0,29094.0,50707,90127,0,0,0.0
20160513,29022.0,29062.0,28661.0,28702.0,43116,89549,0,0,0.0
20160516,28703.0,28837.0,28473.0,28671.0,41871,91662,0,0,0.0
20160517,28489.0,28659.0,28389.0,28467.0,52435,92741,0,0,0.0
20160518,28520.0,28565.0,28222.0,28279.0,48373,96464,0,0,0.0
20160519,28253.0,28319.0,28060.0,28216.0,48119,95954,0,0,0.0
20160520,28300.0,28476.0,28285.0,28457.0,34609,95097,0,0,0.0
20160523,28446.0,28502.0,28186.0,28216.0,30707,97628,0,0,0.0
20160524,28184.0,28350.0,28107.0,28242.0,33848,97669,0,0,0.0
20160525,28236.0,28496.0,28238.0,28331.0,42986,95235,0,0,0.0
20160526,28220.0,28459.0,28228.0,28294.0,32604,93442,0,0,0.0
20160527,28298.0,28422.0,28202.0,28357.0,33740,94962,0,0,0.0
