Date,Open,High,Low,Close,Volume,OI,P,R,RINFO
20140603,46170.0,46620.0,45930.0,46290.0,173872,221216,0,0,0.0
20140604,46150.0,46530.0,45760.0,46400.0,167927,220074,0,0,0.0
20140605,46400.0,47230.0,45860.0,47010.0,303543,218190,0,0,0.0
20140606,47010.0,47360.0,46790.0,47100.0,276366,197493,0,0,0.0
20140609,47140.0,47430.0,46300.0,46450.0,326740,178355,0,0,0.0
20140610,46300.0,46360.0,45200.0,45300.0,378865,156109,0,0,0.0
20140611,45350.0,45730.0,45040.0,45080.0,289711,137592,0,0,0.0
20140612,45260.0,47690.0,45200.0,47620.0,533085,119211,0,0,0.0
20140613,47540.0,47930.0,47160.0,47390.0,293814,99179,0,0,0.0
20140616,47570.0,48860.0,46690.0,47070.0,248563,86119,0,0,0.0
20140617,47070.0,47390.0,46720.0,47090.0,177157,76591,201408,201408,0.0
20140618,47040.0,47670.0,46440.0,46580.0,196463,150480,0,0,170.0
20140619,46482.0,46992.0,45613.0,45863.0,366960,159262,0,0,0.0
20140620,45794.0,46165.0,45214.0,45355.0,220625,163624,0,0,0.0
20140623,45276.0,45776.0,44417.0,44518.0,240698,166414,0,0,0.0
20140624,44439.0,45607.0,44367.0,45395.0,235576,168431,0,0,0.0
20140625,45256.0,45896.0,45154.0,45525.0,179965,165608,0,0,0.0
20140626,45535.0,45916.0,43889.0,44250.0,267020,166254,0,0,0.0
20140627,44280.0,44501.0,43590.0,43931.0,163691,160190,0,0,0.0
20140630,44031.0,44770.0,43620.0,44449.0,194603,153404,0,0,0.0
20140701,44310.0,44720.0,43869.0,44389.0,136958,149017,0,0,0.0
20140702,44280.0,44431.0,43221.0,43413.0,203379,150469,0,0,0.0
20140703,43423.0,43953.0,43131.0,43901.0,192661,144267,0,0,0.0
20140707,43293.0,43863.0,41846.0,42098.0,248114,146472,0,0,0.0
20140708,42127.0,42229.0,41139.0,41889.0,299137,136672,0,0,0.0
20140709,41898.0,42149.0,41478.0,41550.0,212249,126707,0,0,0.0
20140710,41579.0,41780.0,40930.0,41052.0,287114,116748,0,0,0.0
20140711,41111.0,41441.0,40910.0,41311.0,185785,106112,0,0,0.0
20140714,41300.0,41580.0,40771.0,41321.0,238050,98765,0,0,0.0
20140715,41420.0,41431.0,40661.0,40823.0,212563,87361,0,0,0.0
20140716,40723.0,41311.0,40691.0,41042.0,151463,81093,0,0,0.0
20140717,40942.0,40952.0,39216.0,39398.0,416876,67772,201409,201409,0.0
20140718,39477.0,39607.0,39176.0,39348.0,163733,223504,0,0,60.0
20140721,38900.0,38901.0,38241.0,38423.0,295599,226089,0,0,0.0
20140722,38492.0,38603.0,37485.0,37657.0,260811,228837,0,0,0.0
20140723,37517.0,38056.0,37495.0,37567.0,187982,233475,0,0,0.0
20140724,37636.0,38723.0,37396.0,38303.0,276321,232353,0,0,0.0
20140725,38263.0,38484.0,37476.0,37676.0,170688,231742,0,0,0.0
20140728,37228.0,38375.0,37058.0,37457.0,200133,238457,0,0,0.0
20140729,37357.0,38116.0,37197.0,38044.0,190429,239454,0,0,0.0
20140730,38014.0,38106.0,37296.0,37666.0,163184,237230,0,0,0.0
20140731,37676.0,38703.0,37405.0,38213.0,289662,230013,0,0,0.0
20140801,38094.0,38574.0,37614.0,37785.0,204514,221829,0,0,0.0
20140804,37666.0,38335.0,37415.0,38143.0,150643,214156,0,0,0.0
20140805,38213.0,38952.0,38062.0,38770.0,172210,209451,0,0,0.0
20140806,38770.0,39300.0,38559.0,39128.0,190717,199677,0,0,0.0
20140807,39257.0,39608.0,38380.0,38561.0,367333,182692,0,0,0.0
20140808,38571.0,39548.0,38519.0,39417.0,285482,165041,0,0,0.0
20140811,39675.0,39916.0,39016.0,39447.0,307296,145884,0,0,0.0
20140812,39705.0,39996.0,39334.0,39537.0,289513,128967,0,0,0.0
20140813,39586.0,39658.0,37921.0,38114.0,416413,109469,0,0,0.0
20140814,37935.0,39270.0,37792.0,38860.0,352409,91686,0,0,0.0
20140815,38651.0,38862.0,37434.0,37567.0,247346,79112,201410,201410,0.0
20140818,37268.0,38205.0,37225.0,37905.0,224138,174876,0,0,180.0
20140819,37882.0,39017.0,37770.0,38697.0,249169,172049,0,0,0.0
20140820,38644.0,38789.0,37909.0,38222.0,231724,173077,0,0,0.0
20140821,38327.0,39492.0,37919.0,38915.0,311707,176182,0,0,0.0
20140822,38842.0,38928.0,38315.0,38450.0,165390,177700,0,0,0.0
20140825,38594.0,39463.0,38464.0,39401.0,218159,183119,0,0,0.0
20140826,39376.0,39820.0,38969.0,39104.0,228365,182711,0,0,0.0
20140827,39336.0,39929.0,38929.0,39639.0,289718,189104,0,0,0.0
20140828,39692.0,40612.0,39335.0,40045.0,284053,192435,0,0,0.0
20140829,40157.0,40454.0,39721.0,40253.0,177070,192400,0,0,0.0
20140902,40078.0,40385.0,38464.0,38520.0,177070,192400,0,0,0.0
20140903,38524.0,38791.0,37910.0,38094.0,246895,179693,0,0,0.0
20140904,38148.0,38415.0,37514.0,37817.0,252536,175161,0,0,0.0
20140905,37999.0,38108.0,37435.0,37560.0,168116,170598,0,0,0.0
20140908,37454.0,38603.0,37237.0,38382.0,232840,161637,0,0,0.0
20140909,38484.0,39772.0,38148.0,39451.0,429680,155169,0,0,0.0
20140910,39385.0,39554.0,38980.0,39154.0,195538,146941,0,0,0.0
20140911,39147.0,39247.0,37713.0,37857.0,350676,136285,0,0,0.0
20140912,38058.0,38217.0,37485.0,38194.0,249985,127733,0,0,0.0
20140915,38028.0,39138.0,38010.0,38927.0,328354,108644,0,0,0.0
20140916,38929.0,39603.0,38248.0,39561.0,286780,98266,0,0,0.0
20140917,39513.0,40009.0,39208.0,39739.0,255450,90189,201411,201411,0.0
20140918,39691.0,39900.0,38614.0,38759.0,311120,219865,0,0,610.0
20140919,38765.0,38924.0,38010.0,38057.0,235832,221788,0,0,0.0
20140922,38073.0,38426.0,37669.0,38106.0,238660,222715,0,0,0.0
20140923,38102.0,38621.0,37679.0,37726.0,220556,223106,0,0,0.0
20140924,37897.0,38777.0,37484.0,38662.0,224049,227318,0,0,0.0
20140925,38521.0,39187.0,37767.0,39140.0,336126,226222,0,0,0.0
20140926,39087.0,39411.0,38693.0,39286.0,198960,223426,0,0,0.0
20140929,39321.0,40601.0,39102.0,40505.0,271084,232819,0,0,0.0
20140930,40316.0,40757.0,39950.0,40183.0,276910,222083,0,0,0.0
20141001,40277.0,40816.0,39160.0,39227.0,249888,214653,0,0,0.0
20141002,39321.0,39597.0,38097.0,38340.0,285505,206861,0,0,0.0
20141003,38619.0,39480.0,38458.0,39383.0,215411,205792,0,0,0.0
20141006,39009.0,39021.0,37893.0,38008.0,203791,203396,0,0,0.0
20141007,38170.0,38709.0,37688.0,38583.0,326367,188358,0,0,0.0
20141008,38414.0,38504.0,37405.0,37588.0,312263,173537,0,0,0.0
20141009,37653.0,38445.0,37191.0,37490.0,365533,157915,0,0,0.0
20141010,37614.0,37928.0,37366.0,37627.0,213579,143135,0,0,0.0
20141013,37409.0,38308.0,37239.0,38183.0,262354,119576,0,0,0.0
20141014,38248.0,38581.0,37103.0,37208.0,291330,111784,0,0,0.0
20141015,37409.0,37625.0,36694.0,37052.0,239691,96902,0,0,0.0
20141016,37165.0,37401.0,36499.0,37013.0,255950,86669,201412,201412,0.0
20141017,37224.0,37255.0,36343.0,36876.0,218367,143300,0,0,810.0
20141020,36450.0,36701.0,35847.0,35940.0,223169,146344,0,0,0.0
20141021,35648.0,36357.0,35561.0,36274.0,239887,148139,0,0,0.0
20141022,36116.0,36357.0,35675.0,35749.0,209698,151558,0,0,0.0
20141023,35724.0,35975.0,35055.0,35377.0,339468,151764,0,0,0.0
20141024,35514.0,35688.0,34740.0,35301.0,236585,164388,0,0,0.0
20141027,34798.0,35535.0,34559.0,34719.0,213527,167012,0,0,0.0
20141028,34817.0,35946.0,34540.0,35616.0,311425,165418,0,0,0.0
20141029,35772.0,36768.0,35265.0,36160.0,301609,165409,0,0,0.0
20141030,36221.0,36997.0,35952.0,36532.0,195546,166759,0,0,0.0
20141031,36842.0,37780.0,36591.0,36971.0,363999,166606,0,0,0.0
20141103,38265.0,38831.0,38060.0,38622.0,387968,164159,0,0,0.0
20141104,38590.0,39920.0,38442.0,39414.0,448259,157762,0,0,0.0
20141105,39574.0,41219.0,39425.0,40034.0,465597,154283,0,0,0.0
20141106,40195.0,42575.0,39225.0,42039.0,646234,159628,0,0,0.0
20141107,42296.0,42928.0,40857.0,42115.0,532277,148167,0,0,0.0
20141110,43060.0,43406.0,40514.0,40616.0,427311,136722,0,0,0.0
20141111,40739.0,41180.0,39321.0,40540.0,415731,122942,0,0,0.0
20141112,40281.0,40378.0,39531.0,39948.0,348072,105483,0,0,0.0
20141113,39679.0,39881.0,37804.0,37963.0,407635,88923,0,0,0.0
20141114,37989.0,38916.0,37508.0,38373.0,339819,81528,0,0,0.0
20141117,39612.0,41524.0,39245.0,41437.0,394482,71679,201501,201501,0.0
20141118,41092.0,41591.0,39779.0,40702.0,502494,265530,0,0,1010.0
20141119,40924.0,43271.0,40263.0,42110.0,573210,262745,0,0,0.0
20141120,42370.0,43486.0,41129.0,43350.0,638618,263235,0,0,0.0
20141121,43107.0,43775.0,40943.0,41187.0,378813,259484,0,0,0.0
20141124,39179.0,40274.0,38707.0,40133.0,384781,265785,0,0,0.0
20141125,40019.0,41488.0,39378.0,41056.0,238424,265779,0,0,0.0
20141126,41409.0,42282.0,40338.0,40608.0,242954,260819,0,0,0.0
20141128,40504.0,40770.0,37962.0,38118.0,192734,257719,0,0,0.0
20141201,37089.0,37726.0,36593.0,37363.0,357882,258494,0,0,0.0
20141202,37537.0,37586.0,35922.0,36123.0,308199,257182,0,0,0.0
20141203,36044.0,36092.0,35000.0,35480.0,280823,257205,0,0,0.0
20141204,35335.0,35551.0,33891.0,34025.0,313145,249906,0,0,0.0
20141205,34299.0,35700.0,34133.0,35452.0,366905,229249,0,0,0.0
20141208,35241.0,35336.0,33397.0,33522.0,362201,204666,0,0,0.0
20141209,33776.0,34626.0,33611.0,34054.0,335428,179639,0,0,0.0
20141210,34056.0,34943.0,33592.0,34558.0,340641,151099,0,0,0.0
20141211,34672.0,35270.0,33667.0,33887.0,379593,129491,0,0,0.0
20141212,34038.0,35718.0,33946.0,35388.0,295666,108398,0,0,0.0
20141215,36669.0,36745.0,34458.0,34679.0,311164,95624,0,0,0.0
20141216,34859.0,35373.0,33582.0,33747.0,259816,82885,0,0,0.0
20141217,33786.0,34766.0,33666.0,34521.0,227724,72569,201502,201502,0.0
20141218,34532.0,35588.0,34057.0,34176.0,330773,154867,0,0,110.0
20141219,34262.0,34490.0,32330.0,32521.0,344327,158683,0,0,0.0
20141222,31629.0,31651.0,29404.0,29565.0,460677,159376,0,0,0.0
20141223,29824.0,30478.0,29190.0,29788.0,266810,167310,0,0,0.0
20141224,29731.0,29929.0,28261.0,28561.0,209142,167046,0,0,0.0
20141226,29043.0,29249.0,27927.0,28198.0,156327,169291,0,0,0.0
20141229,28689.0,29891.0,28298.0,29741.0,160282,177642,0,0,0.0
20141231,28791.0,29137.0,26766.0,26859.0,281127,177647,0,0,0.0
20150102,26465.0,28820.0,26051.0,27919.0,244951,172778,0,0,0.0
20150105,28614.0,29565.0,26701.0,26794.0,316192,171816,0,0,0.0
20150106,27172.0,27508.0,26107.0,27315.0,274265,165201,0,0,0.0
20150107,27432.0,28039.0,26237.0,26692.0,343371,159137,0,0,0.0
20150108,26762.0,27629.0,26153.0,27213.0,377257,150767,0,0,0.0
20150109,27525.0,27834.0,26822.0,27390.0,324902,139305,0,0,0.0
20150112,27134.0,27313.0,25847.0,25986.0,380690,124575,0,0,0.0
20150113,26185.0,27657.0,25958.0,27362.0,380541,112595,0,0,0.0
20150114,27478.0,31064.0,27230.0,30058.0,687062,95930,0,0,0.0
20150115,30706.0,31204.0,28391.0,29361.0,611043,87519,201503,201503,0.0
20150116,29683.0,29966.0,28150.0,29082.0,411012,286368,0,0,-410.0
20150120,28392.0,28410.0,26446.0,26567.0,497953,296621,0,0,0.0
20150121,27158.0,28193.0,26785.0,27698.0,465785,307776,0,0,0.0
20150122,27950.0,28382.0,26004.0,26633.0,481265,311553,0,0,0.0
20150123,26781.0,27977.0,26738.0,27867.0,326997,310935,0,0,0.0
20150126,26932.0,27619.0,26456.0,26831.0,299600,304980,0,0,0.0
20150127,26970.0,27968.0,26861.0,27651.0,286098,309512,0,0,0.0
20150128,27206.0,27299.0,26296.0,26775.0,259672,306337,0,0,0.0
20150129,26876.0,27572.0,25157.0,25616.0,384298,315059,0,0,0.0
20150130,25745.0,25771.0,24827.0,25352.0,250454,319881,0,0,0.0
20150202,25104.0,25526.0,24554.0,25248.0,228535,319555,0,0,0.0
20150203,25368.0,26243.0,24949.0,25945.0,278336,313671,0,0,0.0
20150204,26065.0,26205.0,24940.0,25078.0,290638,301355,0,0,0.0
20150205,25076.0,25441.0,24272.0,24494.0,291033,291536,0,0,0.0
20150206,24445.0,24819.0,24197.0,24296.0,350867,263223,0,0,0.0
20150209,25058.0,25347.0,24206.0,24466.0,366755,236308,0,0,0.0
20150210,24690.0,25894.0,24564.0,25220.0,479216,199218,0,0,0.0
20150211,25378.0,26941.0,25280.0,26351.0,555400,167010,0,0,0.0
20150212,26716.0,27186.0,25224.0,25560.0,557046,133975,0,0,0.0
20150213,25585.0,26507.0,25007.0,26417.0,385997,109416,0,0,0.0
20150217,26556.0,27309.0,25393.0,25993.0,447283,88946,201504,201504,0.0
20150218,26198.0,26922.0,25864.0,26813.0,346273,232858,0,0,110.0
20150219,26620.0,27307.0,26361.0,26982.0,483633,233233,0,0,0.0
20150220,26770.0,28246.0,26624.0,27892.0,493865,241090,0,0,0.0
20150223,28037.0,28603.0,26802.0,27151.0,331383,238759,0,0,0.0
20150224,26939.0,27936.0,26624.0,27113.0,373027,238198,0,0,0.0
20150225,27249.0,27692.0,26558.0,26860.0,258442,238508,0,0,0.0
20150226,26986.0,27128.0,25217.0,25311.0,316272,237850,0,0,0.0
20150227,25409.0,25785.0,25170.0,25658.0,197660,233250,0,0,0.0
20150302,25259.0,25860.0,25029.0,25320.0,210294,229379,0,0,0.0
20150303,24949.0,25682.0,24766.0,25451.0,196727,224631,0,0,0.0
20150304,25465.0,26142.0,25432.0,25986.0,198671,219242,0,0,0.0
20150305,26066.0,26903.0,25723.0,26662.0,317684,211218,0,0,0.0
20150306,26545.0,26959.0,26098.0,26643.0,273660,194318,0,0,0.0
20150309,26048.0,26095.0,25020.0,25132.0,361104,178746,0,0,0.0
20150310,25278.0,25747.0,25161.0,25639.0,224956,167060,0,0,0.0
20150311,25494.0,26752.0,24964.0,26502.0,366070,157612,0,0,0.0
20150312,26545.0,26902.0,25555.0,25657.0,366855,143796,0,0,0.0
20150313,25803.0,25916.0,25077.0,25591.0,225354,138123,0,0,0.0
20150316,25390.0,25813.0,25133.0,25488.0,214631,123424,0,0,0.0
20150317,25737.0,26846.0,25696.0,26792.0,412833,107156,201505,201505,0.0
20150318,26788.0,27569.0,26062.0,27421.0,417824,249396,0,0,140.0
20150319,27274.0,27541.0,26109.0,26422.0,370200,249349,0,0,0.0
20150320,26583.0,27419.0,25978.0,26179.0,370383,249182,0,0,0.0
20150323,25574.0,26007.0,25353.0,25777.0,343192,263176,0,0,0.0
20150324,25910.0,26484.0,25754.0,26244.0,274918,273292,0,0,0.0
20150325,26209.0,26297.0,25493.0,25590.0,247241,279733,0,0,0.0
20150326,25677.0,25942.0,24886.0,25104.0,295336,289863,0,0,0.0
20150327,25089.0,25213.0,24410.0,24646.0,193870,295360,0,0,0.0
20150330,24510.0,24989.0,24335.0,24693.0,159117,293275,0,0,0.0
20150331,24659.0,25111.0,24466.0,24656.0,168566,292355,0,0,0.0
20150401,24631.0,24961.0,24102.0,24329.0,221074,290341,0,0,0.0
20150402,24295.0,25419.0,24177.0,25338.0,268677,278596,0,0,0.0
20150406,25042.0,25223.0,24569.0,24750.0,145695,272290,0,0,0.0
20150407,24799.0,25326.0,24700.0,25030.0,230650,258193,0,0,0.0
20150408,24902.0,24952.0,24364.0,24460.0,302403,247299,0,0,0.0
20150409,24510.0,24737.0,23534.0,23610.0,370780,244208,0,0,0.0
20150410,23716.0,23849.0,23366.0,23451.0,370780,244208,0,0,0.0
20150413,23809.0,24186.0,23525.0,23797.0,82601,115504,0,0,0.0
20150414,23762.0,24251.0,23740.0,24021.0,76201,137481,0,0,0.0
20150415,23939.0,24868.0,23637.0,24740.0,69717,154897,0,0,0.0
20150416,24621.0,25513.0,24132.0,25459.0,90406,165784,201506,201506,0.0
20150417,25462.0,25560.0,24944.0,25048.0,22527,172906,0,0,570.0
20150420,24822.0,24846.0,24085.0,24143.0,24599,173089,0,0,0.0
20150421,24273.0,24699.0,24122.0,24536.0,29758,174096,0,0,0.0
20150422,24511.0,24983.0,24332.0,24847.0,24990,176138,0,0,0.0
20150423,24749.0,24818.0,23994.0,24042.0,34561,173032,0,0,0.0
20150424,24182.0,24296.0,23875.0,24015.0,16159,174520,0,0,0.0
20150427,23578.0,23701.0,23208.0,23494.0,34512,177220,0,0,0.0
20150428,23413.0,23774.0,23235.0,23695.0,24241,180274,0,0,0.0
20150429,23614.0,24406.0,23418.0,24317.0,35175,182546,0,0,0.0
20150430,24218.0,25816.0,23875.0,25625.0,64102,185979,0,0,0.0
20150501,25462.0,26127.0,25282.0,25890.0,35156,189336,0,0,0.0
20150504,25572.0,26383.0,25529.0,26320.0,29078,190367,0,0,0.0
20150505,26185.0,26356.0,25785.0,25936.0,29078,192076,0,0,0.0
20150506,26002.0,26310.0,25584.0,25863.0,58059,194341,0,0,0.0
20150507,25865.0,26264.0,25228.0,25470.0,67000,199315,0,0,0.0
20150508,25481.0,26878.0,25365.0,26778.0,94180,202739,0,0,0.0
20150511,27174.0,27299.0,25986.0,26056.0,65212,214969,0,0,0.0
20150512,26204.0,27244.0,25876.0,26934.0,90092,224596,0,0,0.0
20150513,26854.0,27638.0,26552.0,27291.0,78995,238140,0,0,0.0
20150514,27321.0,28114.0,26854.0,28014.0,122875,250428,0,0,0.0
20150515,28080.0,28288.0,27640.0,28078.0,56062,257756,201507,201507,0.0
20150518,27696.0,28187.0,27521.0,27813.0,12954,73617,0,0,420.0
20150519,27904.0,28612.0,27088.0,27154.0,27641,73511,0,0,0.0
20150520,27326.0,27808.0,26701.0,26856.0,18200,72295,0,0,0.0
20150521,27118.0,27962.0,26890.0,27172.0,29803,71702,0,0,0.0
20150522,27317.0,27402.0,26385.0,26468.0,20056,73454,0,0,0.0
20150526,26451.0,26480.0,25547.0,25837.0,24076,73636,0,0,0.0
20150527,25910.0,26444.0,25583.0,25846.0,20364,75550,0,0,0.0
20150528,25784.0,25875.0,24574.0,24628.0,37489,76271,0,0,0.0
20150529,24773.0,24800.0,23934.0,24042.0,22933,77300,0,0,0.0
20150601,23771.0,24357.0,23664.0,24150.0,38243,79824,0,0,0.0
20150602,24123.0,24854.0,23664.0,24583.0,31562,87244,0,0,0.0
20150603,24674.0,24863.0,23916.0,24024.0,39449,88701,0,0,0.0
20150604,24033.0,24411.0,23321.0,23943.0,45890,88770,0,0,0.0
20150605,23952.0,24131.0,23519.0,23645.0,53938,93317,0,0,0.0
20150608,23925.0,24791.0,23888.0,24691.0,56891,102841,0,0,0.0
20150609,24800.0,26029.0,24600.0,25963.0,84427,115700,0,0,0.0
20150610,26082.0,26689.0,25717.0,26351.0,84723,122702,0,0,0.0
20150611,26542.0,26635.0,25627.0,25756.0,62044,137395,0,0,0.0
20150612,25703.0,25750.0,24960.0,25043.0,69541,142348,0,0,0.0
20150615,25216.0,26554.0,25122.0,26270.0,84034,150514,0,0,0.0
20150616,26534.0,26635.0,25690.0,26324.0,66234,167918,0,0,0.0
20150617,26462.0,26897.0,25825.0,26008.0,67227,173805,201508,201508,0.0
20150618,26074.0,26274.0,25275.0,25313.0,34796,192596,0,0,60.0
20150619,25344.0,25859.0,24951.0,25673.0,31446,194126,0,0,0.0
20150622,25191.0,25219.0,24735.0,24989.0,27391,198590,0,0,0.0
20150623,25011.0,25589.0,24726.0,24854.0,27901,197814,0,0,0.0
20150624,24867.0,25382.0,24708.0,25160.0,13872,197366,0,0,0.0
20150625,25191.0,25977.0,25050.0,25907.0,43728,198533,0,0,0.0
20150626,25866.0,25950.0,25005.0,25070.0,34080,200008,0,0,0.0
20150629,24947.0,25734.0,24726.0,25376.0,24158,198715,0,0,0.0
20150630,25388.0,25680.0,24879.0,25583.0,28900,200830,0,0,0.0
20150701,25595.0,25833.0,24969.0,25196.0,27838,201098,0,0,0.0
20150702,25343.0,26113.0,25302.0,25538.0,30633,201921,0,0,0.0
20150706,25667.0,25698.0,24682.0,24899.0,37995,204494,0,0,0.0
20150707,24920.0,25328.0,24286.0,24539.0,40293,206392,0,0,0.0
20150708,24614.0,24940.0,24160.0,24278.0,63777,206646,0,0,0.0
20150709,24308.0,24778.0,23881.0,24647.0,53705,207722,0,0,0.0
20150710,24749.0,25382.0,24591.0,25025.0,50782,218519,0,0,0.0
20150713,25406.0,26004.0,25121.0,25808.0,78511,230040,0,0,0.0
20150714,25847.0,26428.0,25382.0,25556.0,65841,237249,0,0,0.0
20150715,25595.0,26275.0,25454.0,26186.0,79827,240880,0,0,0.0
20150716,26162.0,26338.0,25562.0,25682.0,66006,253404,201509,201509,0.0
20150717,24163.0,24463.0,23854.0,24251.0,24056,140164,0,0,2050.0
20150720,24096.0,24371.0,23554.0,23908.0,28729,138799,0,0,0.0
20150721,23996.0,24522.0,23846.0,24402.0,20445,137999,0,0,0.0
20150722,24389.0,24698.0,24038.0,24569.0,29102,137042,0,0,0.0
20150723,24456.0,25008.0,23671.0,23816.0,37088,136629,0,0,0.0
20150724,23770.0,23868.0,23387.0,23456.0,23295,139380,0,0,0.0
20150727,23260.0,23851.0,23128.0,23556.0,21710,142172,0,0,0.0
20150728,23611.0,24086.0,23420.0,23799.0,31644,143061,0,0,0.0
20150729,23954.0,24296.0,23762.0,24159.0,38110,140679,0,0,0.0
20150730,24155.0,24447.0,23303.0,23398.0,34011,139339,0,0,0.0
20150731,23511.0,23609.0,22869.0,22996.0,39748,143326,0,0,0.0
20150803,23093.0,23609.0,22869.0,23230.0,33727,143478,0,0,0.0
20150804,23311.0,23861.0,23253.0,23765.0,49591,149783,0,0,0.0
20150805,23754.0,24205.0,23387.0,23598.0,68491,151550,0,0,0.0
20150806,23470.0,23987.0,22978.0,23715.0,62674,153479,0,0,0.0
20150807,23704.0,23853.0,23245.0,23606.0,63024,158815,0,0,0.0
20150810,23913.0,24113.0,23729.0,23991.0,63658,163734,0,0,0.0
20150811,23938.0,24222.0,23570.0,24016.0,67400,169065,0,0,0.0
20150812,24147.0,24809.0,24037.0,24727.0,88711,179241,0,0,0.0
20150813,24632.0,24784.0,23511.0,23589.0,112726,187156,0,0,0.0
20150814,23779.0,24063.0,23528.0,23731.0,52006,185379,0,0,0.0
20150817,23511.0,23677.0,23011.0,23145.0,69248,184874,201510,201510,0.0
20150818,23938.0,24063.0,23495.0,23655.0,22332,177670,0,0,110.0
20150819,23696.0,23904.0,23445.0,23630.0,35036,178256,0,0,0.0
20150820,23588.0,24221.0,23370.0,23947.0,35704,179502,0,0,0.0
20150821,23996.0,24046.0,23162.0,23230.0,28129,181751,0,0,0.0
20150824,23062.0,23411.0,22738.0,22830.0,36929,180036,0,0,0.0
20150825,22904.0,23227.0,22713.0,23105.0,30301,179553,0,0,0.0
20150826,23121.0,23377.0,22971.0,23197.0,25422,178571,0,0,0.0
20150827,23071.0,23319.0,22663.0,22872.0,30453,179050,0,0,0.0
20150828,22979.0,23394.0,22804.0,23264.0,22625,178789,0,0,0.0
20150831,23037.0,23093.0,22638.0,23006.0,24411,181315,0,0,0.0
20150901,22987.0,23293.0,22804.0,23089.0,33501,182170,0,0,0.0
20150902,23020.0,23068.0,22488.0,22664.0,23874,181494,0,0,0.0
20150903,22587.0,23419.0,22463.0,23297.0,43035,182323,0,0,0.0
20150904,23212.0,23294.0,22721.0,22839.0,34756,185436,0,0,0.0
20150908,22787.0,23378.0,22663.0,23264.0,50802,190175,0,0,0.0
20150909,23120.0,23261.0,22646.0,22797.0,59534,194227,0,0,0.0
20150910,22870.0,23436.0,22762.0,22989.0,77875,199544,0,0,0.0
20150911,22937.0,23286.0,22720.0,23056.0,53016,215724,0,0,0.0
20150914,23129.0,23720.0,23011.0,23564.0,75268,224609,0,0,0.0
20150915,23629.0,23879.0,23227.0,23331.0,51392,245059,0,0,0.0
20150916,23387.0,23461.0,22753.0,22823.0,65600,245099,0,0,0.0
20150917,22937.0,23002.0,22304.0,22731.0,53092,248471,201511,201511,0.0
20150918,23095.0,23353.0,22645.0,22706.0,22078,95821,0,0,1060.0
20150921,22581.0,22685.0,22269.0,22441.0,23087,101400,0,0,0.0
20150922,22428.0,22725.0,22325.0,22417.0,19534,101244,0,0,0.0
20150923,22396.0,22645.0,22261.0,22401.0,19585,103680,0,0,0.0
20150924,22436.0,22878.0,22013.0,22786.0,39928,104728,0,0,0.0
20150925,22677.0,22950.0,22189.0,22473.0,30167,107546,0,0,0.0
20150928,22765.0,23135.0,22509.0,22754.0,30841,112788,0,0,0.0
20150929,22757.0,22869.0,22061.0,22160.0,38937,116799,0,0,0.0
20150930,22163.0,22418.0,21557.0,21663.0,42174,115796,0,0,0.0
20151001,21673.0,21839.0,20949.0,21102.0,54892,121973,0,0,0.0
20151002,21071.0,21598.0,20861.0,21367.0,40999,120010,0,0,0.0
20151005,21320.0,21703.0,21149.0,21463.0,32836,115784,0,0,0.0
20151006,21537.0,21832.0,21341.0,21439.0,59374,116598,0,0,0.0
20151007,21473.0,21888.0,21269.0,21463.0,68756,128119,0,0,0.0
20151008,21457.0,21920.0,21301.0,21752.0,72462,133334,0,0,0.0
20151009,21642.0,22017.0,21389.0,21800.0,55213,144948,0,0,0.0
20151012,21947.0,22315.0,21733.0,22073.0,59617,157234,0,0,0.0
20151013,22075.0,22243.0,21653.0,21824.0,68027,167663,0,0,0.0
20151014,21802.0,22146.0,21613.0,21912.0,69627,179540,0,0,0.0
20151015,22043.0,22371.0,21437.0,21543.0,84862,194853,201512,201512,0.0
20151016,21842.0,21896.0,21389.0,21503.0,36976,205139,0,0,1180.0
20151019,21719.0,21865.0,21450.0,21564.0,25829,211016,0,0,0.0
20151020,21704.0,21919.0,21488.0,21625.0,35062,214813,0,0,0.0
20151021,21789.0,21842.0,20959.0,21126.0,43099,213686,0,0,0.0
20151022,21127.0,21348.0,20683.0,20903.0,48986,218745,0,0,0.0
20151023,20773.0,20885.0,20101.0,20219.0,43273,222520,0,0,0.0
20151026,19819.0,19975.0,19158.0,19320.0,55041,228543,0,0,0.0
20151027,19388.0,19906.0,19097.0,19443.0,42989,230632,0,0,0.0
20151028,19542.0,19682.0,18630.0,18905.0,59234,233848,0,0,0.0
20151029,18934.0,19520.0,18408.0,18613.0,45380,240128,0,0,0.0
20151030,18611.0,19304.0,18063.0,19128.0,70509,241876,0,0,0.0
20151102,18742.0,18942.0,18484.0,18805.0,53960,241523,0,0,0.0
20151103,18865.0,19235.0,18722.0,18920.0,55194,244361,0,0,0.0
20151104,19050.0,19343.0,18699.0,18782.0,55680,250836,0,0,0.0
20151105,18827.0,19690.0,18645.0,19504.0,71205,255165,0,0,0.0
20151106,19535.0,19790.0,19089.0,19450.0,82823,256503,0,0,0.0
20151109,19504.0,19620.0,18568.0,18812.0,91812,262791,0,0,0.0
20151110,18927.0,19335.0,18706.0,19081.0,86567,272633,0,0,0.0
20151111,19173.0,19389.0,18683.0,18835.0,90484,278509,0,0,0.0
20151112,18927.0,19266.0,18614.0,18781.0,83917,299443,0,0,0.0
20151113,19004.0,19644.0,18905.0,19403.0,79271,323058,0,0,0.0
20151116,19966.0,20053.0,19196.0,19618.0,86122,331566,0,0,0.0
20151117,19274.0,19683.0,18866.0,19411.0,81309,336492,201601,201601,0.0
20151118,19536.0,19683.0,18920.0,19088.0,17697,72598,0,0,530.0
20151119,19031.0,19260.0,18305.0,18486.0,23522,74894,0,0,0.0
20151120,18481.0,18557.0,17457.0,17584.0,28037,78160,0,0,0.0
20151123,17433.0,18073.0,17067.0,17945.0,19285,80487,0,0,0.0
20151124,17885.0,18013.0,17270.0,17840.0,23849,82381,0,0,0.0
20151125,17779.0,18096.0,17435.0,17667.0,18734,84887,0,0,0.0
20151127,17613.0,17741.0,16940.0,17035.0,11082,87530,0,0,0.0
20151130,16792.0,17378.0,16715.0,17223.0,19112,89632,0,0,0.0
20151201,17297.0,17454.0,16858.0,17185.0,34706,93115,0,0,0.0
20151202,17101.0,17197.0,16550.0,16696.0,32993,91958,0,0,0.0
20151203,16769.0,17016.0,16400.0,16786.0,30885,91790,0,0,0.0
20151204,16980.0,17107.0,16700.0,16899.0,28531,92163,0,0,0.0
20151207,16867.0,16911.0,15965.0,16034.0,71762,92158,0,0,0.0
20151208,16030.0,16223.0,15575.0,15996.0,60476,108228,0,0,0.0
20151209,16158.0,16404.0,15740.0,15921.0,68347,118329,0,0,0.0
20151210,15992.0,16245.0,15470.0,15605.0,78962,132808,0,0,0.0
20151211,15532.0,15610.0,15170.0,15417.0,63927,152459,0,0,0.0
20151214,14899.0,14998.0,14472.0,14733.0,54612,168043,0,0,0.0
20151215,14778.0,14877.0,13984.0,14184.0,80293,180421,0,0,0.0
20151216,14092.0,14545.0,13819.0,14034.0,84643,199250,0,0,0.0
20151217,14333.0,14583.0,13947.0,14087.0,103231,209034,201602,201602,0.0
20151218,14047.0,14424.0,13572.0,14072.0,51773,207250,0,0,1010.0
20151221,14419.0,15005.0,14020.0,14736.0,58192,208883,0,0,0.0
20151222,14798.0,14962.0,14318.0,14515.0,30465,209803,0,0,0.0
20151223,14648.0,15242.0,14304.0,14993.0,35974,210758,0,0,0.0
20151228,15849.0,16613.0,15413.0,16420.0,55470,212255,0,0,0.0
20151229,16507.0,17323.0,16365.0,17105.0,60752,211725,0,0,0.0
20151230,16836.0,16964.0,15832.0,16092.0,47454,210319,0,0,0.0
20151231,16521.0,17237.0,16415.0,16863.0,44284,211014,0,0,0.0
20160104,17079.0,17172.0,16181.0,16770.0,46743,210204,0,0,0.0
20160105,16564.0,16993.0,16209.0,16741.0,45899,209248,0,0,0.0
20160106,16943.0,17115.0,16138.0,16334.0,65249,209883,0,0,0.0
20160107,16557.0,17481.0,16316.0,17083.0,74674,216346,0,0,0.0
20160108,17208.0,17890.0,16984.0,17632.0,85276,217602,0,0,0.0
20160111,17494.0,17825.0,16707.0,17047.0,82547,223086,0,0,0.0
20160112,16872.0,16964.0,15982.0,16134.0,79835,227517,0,0,0.0
20160113,16207.0,16677.0,16110.0,16341.0,71824,231925,0,0,0.0
20160114,16407.0,16641.0,15371.0,15556.0,77671,236345,0,0,0.0
20160115,15621.0,15751.0,15009.0,15178.0,61982,241487,201603,201603,0.0
20160119,14949.0,15686.0,14760.0,15057.0,33038,112872,0,0,670.0
20160120,15081.0,15477.0,14822.0,15195.0,30214,116904,0,0,0.0
20160121,15268.0,15721.0,14960.0,15333.0,47273,118801,0,0,0.0
20160122,15393.0,15658.0,15070.0,15381.0,22470,120237,0,0,0.0
20160125,15525.0,15665.0,14925.0,15499.0,35186,121023,0,0,0.0
20160126,15428.0,15950.0,15159.0,15499.0,35220,121726,0,0,0.0
20160127,15476.0,15873.0,15235.0,15430.0,44724,122008,0,0,0.0
20160128,15351.0,15852.0,14891.0,15485.0,55801,122659,0,0,0.0
20160129,15780.0,16339.0,15607.0,16128.0,64057,124649,0,0,0.0
20160201,15648.0,15866.0,15146.0,15395.0,71108,127974,0,0,0.0
20160202,15316.0,15400.0,14217.0,14662.0,79540,128733,0,0,0.0
20160203,14713.0,14927.0,14355.0,14683.0,51934,125862,0,0,0.0
20160204,14741.0,14816.0,14073.0,14261.0,61048,129547,0,0,0.0
20160205,14346.0,14962.0,14245.0,14780.0,78765,136864,0,0,0.0
20160208,15011.0,15477.0,14872.0,15140.0,94037,147692,0,0,0.0
20160209,15032.0,15171.0,14624.0,14863.0,72014,165089,0,0,0.0
20160210,14887.0,15032.0,14328.0,14600.0,80277,180399,0,0,0.0
20160211,14631.0,14997.0,14094.0,14254.0,87398,192219,0,0,0.0
20160212,14319.0,14565.0,13881.0,14040.0,60596,212047,0,0,0.0
20160216,13959.0,14154.0,13399.0,13618.0,68177,225451,0,0,0.0
20160217,13723.0,14119.0,13489.0,13908.0,62781,232784,201604,201604,0.0
20160218,13959.0,14091.0,13351.0,13424.0,31247,179604,0,0,630.0
20160219,13475.0,13618.0,12938.0,13029.0,31214,182429,0,0,0.0
20160222,12944.0,13253.0,12718.0,12955.0,26874,185029,0,0,0.0
20160223,13045.0,13192.0,12645.0,12747.0,27524,187171,0,0,0.0
20160224,12770.0,13037.0,12552.0,12787.0,25595,190895,0,0,0.0
20160225,12824.0,12888.0,12219.0,12506.0,53561,190030,0,0,0.0
20160226,12562.0,12739.0,12052.0,12546.0,32911,194666,0,0,0.0
20160229,11978.0,12408.0,11859.0,12111.0,83589,196374,0,0,0.0
20160301,12106.0,12678.0,11939.0,12379.0,87824,197041,0,0,0.0
20160302,12415.0,12516.0,11852.0,12057.0,43255,203929,0,0,0.0
20160303,12079.0,12259.0,11732.0,11836.0,59047,209901,0,0,0.0
20160304,11804.0,12117.0,11572.0,11970.0,38800,208946,0,0,0.0
20160307,11757.0,12421.0,11545.0,11983.0,85136,213276,0,0,0.0
20160308,12073.0,12340.0,11818.0,12077.0,88300,223103,0,0,0.0
20160309,12160.0,12597.0,12018.0,12365.0,83471,232624,0,0,0.0
20160310,12536.0,12867.0,12218.0,12613.0,96096,247748,0,0,0.0
20160311,12738.0,13144.0,12585.0,12827.0,79623,265274,0,0,0.0
20160314,12866.0,13151.0,12465.0,12820.0,58512,284585,0,0,0.0
20160315,12886.0,13462.0,12705.0,13028.0,64249,291892,0,0,0.0
20160316,13047.0,13300.0,12732.0,13095.0,59964,304929,0,0,0.0
20160317,13128.0,13678.0,12785.0,13470.0,94018,307425,201605,201605,0.0
20160318,13504.0,13712.0,13098.0,13289.0,23922,81714,0,0,1010.0
20160321,13261.0,13435.0,12559.0,12741.0,32575,78084,0,0,0.0
20160322,12692.0,13133.0,12483.0,12970.0,24302,81099,0,0,0.0
20160323,13018.0,13326.0,12426.0,12581.0,26933,83326,0,0,0.0
20160324,12583.0,12882.0,12394.0,12677.0,23204,82678,0,0,0.0
20160328,12673.0,13204.0,12356.0,13053.0,18844,84666,0,0,0.0
20160329,13185.0,13526.0,12857.0,13365.0,33011,85704,0,0,0.0
20160330,13339.0,13680.0,13168.0,13448.0,26049,87467,0,0,0.0
20160331,13473.0,13712.0,12889.0,13091.0,53155,90244,0,0,0.0
20160401,13153.0,13403.0,12826.0,13078.0,29140,94434,0,0,0.0
20160404,13268.0,13918.0,13143.0,13320.0,40796,100524,0,0,0.0
20160405,13409.0,13686.0,12839.0,13065.0,38744,103127,0,0,0.0
20160406,13019.0,13107.0,12623.0,12772.0,43685,104537,0,0,0.0
20160407,12744.0,13538.0,12598.0,13390.0,73171,111923,0,0,0.0
20160408,13397.0,13647.0,13118.0,13237.0,56427,126891,0,0,0.0
20160411,13045.0,13126.0,12655.0,12753.0,73859,141383,0,0,0.0
20160412,12891.0,13518.0,12731.0,13276.0,88391,163617,0,0,0.0
20160413,13320.0,13672.0,13175.0,13505.0,79454,189397,0,0,0.0
20160414,13589.0,13685.0,13004.0,13148.0,61622,207359,0,0,0.0
20160415,13122.0,13235.0,12598.0,12727.0,71202,219504,201606,201606,0.0
20160418,12668.0,13177.0,12516.0,13039.0,25872,201242,0,0,1080.0
20160419,13020.0,14026.0,12859.0,13850.0,44883,202013,0,0,0.0
20160420,13906.0,14301.0,13581.0,13808.0,50803,200868,0,0,0.0
20160421,13839.0,14264.0,13647.0,14062.0,48199,200234,0,0,0.0
20160422,14088.0,14686.0,13864.0,14425.0,59634,201795,0,0,0.0
20160425,14470.0,14827.0,13750.0,13989.0,35515,204858,0,0,0.0
20160426,14082.0,14247.0,13612.0,13886.0,46417,204581,0,0,0.0
20160427,13991.0,14253.0,13588.0,13953.0,80316,206184,0,0,0.0
20160428,13955.0,14051.0,13420.0,13638.0,84937,207525,0,0,0.0
20160429,13548.0,14308.0,13342.0,14056.0,98786,207806,0,0,0.0
20160502,13785.0,14015.0,13258.0,13426.0,60841,209148,0,0,0.0
20160503,13554.0,13881.0,13312.0,13644.0,46033,209214,0,0,0.0
20160504,13639.0,14131.0,13402.0,13898.0,44659,211123,0,0,0.0
20160505,13973.0,14217.0,13402.0,13547.0,48983,211803,0,0,0.0
20160506,13591.0,13844.0,13300.0,13577.0,61148,214907,0,0,0.0
20160509,13633.0,13850.0,13342.0,13492.0,56898,219675,0,0,0.0
20160510,13542.0,14064.0,13378.0,13831.0,72439,222951,0,0,0.0
20160511,13930.0,14119.0,13516.0,13928.0,77994,233087,0,0,0.0
20160512,13894.0,14131.0,13600.0,13916.0,73953,251962,0,0,0.0
20160513,13839.0,14033.0,13408.0,13583.0,79427,269888,0,0,0.0
20160516,13451.0,13630.0,13053.0,13177.0,68287,274389,0,0,0.0
20160517,13245.0,13557.0,13077.0,13225.0,71899,284415,201607,201607,0.0
20160518,13300.0,13392.0,12860.0,12971.0,28985,77982,0,0,620.0
20160519,13040.0,13570.0,12609.0,13400.0,38224,84353,0,0,0.0
20160520,13429.0,13784.0,13205.0,13435.0,33799,89162,0,0,0.0
20160523,13706.0,13909.0,13223.0,13376.0,21402,89309,0,0,0.0
20160524,13417.0,13612.0,13001.0,13129.0,38897,89261,0,0,0.0
20160525,13022.0,13570.0,12902.0,13417.0,46958,91747,0,0,0.0
20160526,13341.0,13546.0,13042.0,13299.0,58568,90719,0,0,0.0
20160527,13317.0,13665.0,12937.0,13417.0,37090,85994,0,0,0.0
