Date,Open,High,Low,Close,Volume,OI,P,R,RINFO
20140603,29700.0,29780.0,29090.0,29100.0,1416,4345,0,0,0.0
20140604,29150.0,29240.0,28270.0,28450.0,2371,4203,0,0,0.0
20140605,28440.0,28460.0,28140.0,28160.0,1073,4125,0,0,0.0
20140606,28190.0,28480.0,28160.0,28350.0,448,4105,0,0,0.0
20140609,28200.0,28400.0,28080.0,28290.0,957,4173,0,0,0.0
20140610,28290.0,28350.0,28040.0,28070.0,1283,4150,0,0,0.0
20140611,28120.0,28260.0,28080.0,28250.0,1061,4174,0,0,0.0
20140612,28260.0,28860.0,28060.0,28840.0,1297,4000,0,0,0.0
20140613,28800.0,29040.0,28790.0,29020.0,709,3947,0,0,0.0
20140616,29020.0,29470.0,28970.0,29330.0,1707,3532,0,0,0.0
20140617,29240.0,29480.0,29040.0,29300.0,886,3329,0,0,0.0
20140618,29260.0,29670.0,29230.0,29570.0,1468,3024,0,0,0.0
20140619,29600.0,29800.0,29300.0,29380.0,966,2888,201409,201409,0.0
20140620,29450.0,29510.0,29210.0,29220.0,646,4613,0,0,-1710.0
20140623,29195.0,29404.0,29210.0,29231.0,701,4771,0,0,0.0
20140624,29216.0,29298.0,29083.0,29093.0,1057,4916,0,0,0.0
20140625,29152.0,29213.0,29041.0,29051.0,613,4974,0,0,0.0
20140626,29056.0,29171.0,28467.0,28594.0,1769,5116,0,0,0.0
20140627,28621.0,28831.0,28509.0,28796.0,1036,5175,0,0,0.0
20140630,28727.0,28842.0,28594.0,28828.0,450,5216,0,0,0.0
20140701,28791.0,28800.0,28573.0,28743.0,658,5273,0,0,0.0
20140702,28727.0,29076.0,28626.0,29083.0,371,5279,0,0,0.0
20140703,29045.0,29044.0,28828.0,28849.0,162,5278,0,0,0.0
20140707,28875.0,28970.0,28849.0,28923.0,171,5266,0,0,0.0
20140708,28960.0,29119.0,28923.0,29104.0,462,5239,0,0,0.0
20140709,29077.0,29087.0,28541.0,28584.0,647,5321,0,0,0.0
20140710,28567.0,28843.0,28509.0,28584.0,192,5323,0,0,0.0
20140711,28535.0,28546.0,27999.0,28053.0,753,5456,0,0,0.0
20140714,28004.0,28047.0,27224.0,27394.0,531,5493,0,0,0.0
20140715,27463.0,27527.0,27160.0,27341.0,816,5542,0,0,0.0
20140716,27389.0,27654.0,27213.0,27596.0,592,5593,0,0,0.0
20140717,27644.0,28291.0,27489.0,28212.0,293,5518,0,0,0.0
20140718,28175.0,28174.0,27882.0,27883.0,138,5499,0,0,0.0
20140721,27878.0,27898.0,27574.0,27575.0,280,5498,0,0,0.0
20140722,27560.0,28004.0,27574.0,27968.0,403,5453,0,0,0.0
20140723,27921.0,28142.0,27850.0,27872.0,262,5476,0,0,0.0
20140724,27815.0,27972.0,27776.0,27798.0,145,5505,0,0,0.0
20140725,27794.0,27876.0,27479.0,27490.0,636,5528,0,0,0.0
20140728,27486.0,27504.0,27288.0,27458.0,511,5515,0,0,0.0
20140729,27433.0,27897.0,27447.0,27894.0,511,5491,0,0,0.0
20140730,27996.0,28024.0,27543.0,27554.0,928,5431,0,0,0.0
20140731,27529.0,27663.0,27479.0,27586.0,1349,5333,0,0,0.0
20140801,27518.0,27514.0,27160.0,27172.0,1496,5400,0,0,0.0
20140804,27168.0,27291.0,27128.0,27246.0,621,5452,0,0,0.0
20140805,27285.0,27323.0,26788.0,26927.0,1949,5041,0,0,0.0
20140806,26860.0,26983.0,26809.0,26821.0,667,5051,0,0,0.0
20140807,26818.0,27047.0,26798.0,27055.0,1395,4852,0,0,0.0
20140808,27052.0,27089.0,26872.0,26896.0,620,4873,0,0,0.0
20140811,26850.0,26951.0,26723.0,26822.0,986,4766,0,0,0.0
20140812,26808.0,26983.0,26712.0,26875.0,952,4482,0,0,0.0
20140813,26893.0,26983.0,26797.0,26886.0,763,4370,0,0,0.0
20140814,26893.0,27439.0,26786.0,27311.0,1950,3921,0,0,0.0
20140815,27286.0,27418.0,27062.0,27417.0,1155,3684,0,0,0.0
20140818,27392.0,27917.0,27211.0,27927.0,2036,3212,0,0,0.0
20140819,27880.0,28023.0,27530.0,27874.0,1537,2718,0,0,0.0
20140820,27816.0,27970.0,27657.0,27853.0,1393,2371,0,0,0.0
20140821,27805.0,27853.0,27211.0,27248.0,1283,2101,201411,201411,0.0
20140822,27242.0,27492.0,26999.0,27121.0,1308,6187,0,0,-80.0
20140825,27114.0,27673.0,27020.0,27398.0,1383,6414,0,0,0.0
20140826,27391.0,27460.0,27169.0,27185.0,878,6669,0,0,0.0
20140827,27167.0,27577.0,27169.0,27483.0,1275,6770,0,0,0.0
20140828,27455.0,27471.0,27190.0,27312.0,849,6953,0,0,0.0
20140829,27327.0,27418.0,26892.0,26992.0,802,7139,0,0,0.0
20140902,26976.0,27067.0,26817.0,26875.0,802,7139,0,0,0.0
20140903,26944.0,26971.0,26657.0,26694.0,537,7304,0,0,0.0
20140904,26667.0,26684.0,26487.0,26683.0,452,7300,0,0,0.0
20140905,26656.0,26801.0,26562.0,26619.0,456,7402,0,0,0.0
20140908,26624.0,26833.0,26487.0,26523.0,251,7417,0,0,0.0
20140909,26528.0,26535.0,26274.0,26331.0,325,7437,0,0,0.0
20140910,26304.0,26407.0,25997.0,26278.0,673,7403,0,0,0.0
20140911,26410.0,26758.0,26413.0,26683.0,465,7418,0,0,0.0
20140912,26729.0,27429.0,26743.0,27248.0,533,7493,0,0,0.0
20140915,27219.0,27301.0,26871.0,27195.0,377,7548,0,0,0.0
20140916,27144.0,27258.0,26999.0,27099.0,188,7605,0,0,0.0
20140917,27038.0,27045.0,26594.0,26662.0,465,7644,0,0,0.0
20140918,26665.0,26981.0,26679.0,26896.0,336,7641,0,0,0.0
20140919,26931.0,27056.0,26764.0,27066.0,285,7628,0,0,0.0
20140922,27037.0,27056.0,26721.0,26746.0,174,7622,0,0,0.0
20140923,26760.0,27024.0,26774.0,26980.0,312,7537,0,0,0.0
20140924,27016.0,27141.0,26987.0,27129.0,282,7549,0,0,0.0
20140925,26984.0,27184.0,26998.0,27076.0,297,7603,0,0,0.0
20140926,27048.0,27493.0,27062.0,27310.0,1000,7625,0,0,0.0
20140929,27250.0,27450.0,27115.0,27140.0,1639,7700,0,0,0.0
20140930,27133.0,27344.0,27072.0,27161.0,2454,7792,0,0,0.0
20141001,27154.0,27227.0,26912.0,26937.0,2029,7408,0,0,0.0
20141002,26866.0,27344.0,26656.0,26756.0,1201,7301,0,0,0.0
20141003,26728.0,26854.0,26699.0,26820.0,279,7285,0,0,0.0
20141006,26760.0,27152.0,26710.0,27076.0,571,7190,0,0,0.0
20141007,27016.0,27173.0,27030.0,27151.0,354,7119,0,0,0.0
20141008,27069.0,27237.0,26870.0,26906.0,1440,7034,0,0,0.0
20141009,26877.0,26875.0,26785.0,26842.0,395,6967,0,0,0.0
20141010,26771.0,26832.0,26764.0,26821.0,278,6911,0,0,0.0
20141013,26739.0,26907.0,26753.0,26917.0,602,6818,0,0,0.0
20141014,26899.0,27088.0,26913.0,27109.0,1381,6525,0,0,0.0
20141015,27080.0,27088.0,26689.0,26832.0,902,6355,0,0,0.0
20141016,26675.0,26822.0,26636.0,26662.0,4532,5392,0,0,0.0
20141017,26654.0,26726.0,26636.0,26737.0,2597,4839,0,0,0.0
20141020,26803.0,26939.0,26636.0,26641.0,1756,4348,0,0,0.0
20141021,26633.0,26737.0,26497.0,26758.0,3075,3700,201501,201501,0.0
20141022,26771.0,26833.0,26667.0,26758.0,1588,5934,0,0,340.0
20141023,26803.0,26875.0,26425.0,26485.0,1722,6084,0,0,0.0
20141024,26372.0,26570.0,26330.0,26559.0,2164,6474,0,0,0.0
20141027,26498.0,26665.0,26193.0,26233.0,2406,6531,0,0,0.0
20141028,26256.0,26329.0,23912.0,25876.0,2501,6551,0,0,0.0
20141029,25720.0,26150.0,25625.0,26023.0,1842,6649,0,0,0.0
20141030,25836.0,26087.0,25520.0,25676.0,3683,6884,0,0,0.0
20141031,25699.0,25845.0,25457.0,25834.0,1220,6999,0,0,0.0
20141103,25825.0,26066.0,25730.0,25929.0,728,7076,0,0,0.0
20141104,25857.0,26150.0,25698.0,26150.0,752,7124,0,0,0.0
20141105,26109.0,26255.0,26034.0,26108.0,379,7087,0,0,0.0
20141106,25899.0,26108.0,25330.0,25425.0,987,7058,0,0,0.0
20141107,25458.0,25530.0,25183.0,25478.0,401,7065,0,0,0.0
20141110,25479.0,25477.0,25078.0,25173.0,330,7113,0,0,0.0
20141111,25153.0,25193.0,24826.0,24921.0,503,7129,0,0,0.0
20141112,24901.0,25319.0,24889.0,25268.0,691,7123,0,0,0.0
20141113,25248.0,25466.0,25068.0,25110.0,333,7080,0,0,0.0
20141114,25069.0,25424.0,25079.0,25173.0,226,7084,0,0,0.0
20141117,25080.0,25245.0,24963.0,25047.0,212,7108,0,0,0.0
20141118,25027.0,25234.0,25037.0,25236.0,439,7136,0,0,0.0
20141119,25174.0,26158.0,25163.0,26088.0,1044,7134,0,0,0.0
20141120,26067.0,26442.0,25878.0,26456.0,745,6974,0,0,0.0
20141121,26361.0,26474.0,26319.0,26488.0,283,6850,0,0,0.0
20141124,26466.0,26506.0,26140.0,26173.0,413,6794,0,0,0.0
20141125,26056.0,26128.0,25867.0,26015.0,429,6726,0,0,0.0
20141126,25961.0,26181.0,25783.0,25826.0,675,6645,0,0,0.0
20141128,25803.0,26097.0,25815.0,25942.0,748,6542,0,0,0.0
20141201,25835.0,26086.0,25310.0,25532.0,1697,6544,0,0,0.0
20141202,25509.0,25750.0,25352.0,25627.0,914,6439,0,0,0.0
20141203,25583.0,25645.0,25457.0,25532.0,333,6399,0,0,0.0
20141204,25509.0,25613.0,25394.0,25490.0,415,6407,0,0,0.0
20141205,25425.0,25518.0,25226.0,25374.0,501,6343,0,0,0.0
20141208,25330.0,25529.0,25258.0,25332.0,370,6240,0,0,0.0
20141209,25246.0,25876.0,25226.0,25847.0,1081,5883,0,0,0.0
20141210,25792.0,25823.0,25573.0,25784.0,353,5882,0,0,0.0
20141211,25718.0,25802.0,25289.0,25416.0,1546,5807,0,0,0.0
20141212,25392.0,26369.0,25331.0,25973.0,1930,5555,0,0,0.0
20141215,25938.0,26243.0,25857.0,26141.0,899,5434,0,0,0.0
20141216,26106.0,26106.0,25342.0,25405.0,2473,4705,0,0,0.0
20141217,25413.0,25644.0,25384.0,25479.0,2421,3821,0,0,0.0
20141218,25360.0,25476.0,25321.0,25468.0,1299,3527,0,0,0.0
20141219,25476.0,25938.0,25416.0,25889.0,2116,3251,201503,201503,0.0
20141222,25991.0,26043.0,25542.0,25626.0,1737,6798,0,0,400.0
20141223,25598.0,25867.0,25511.0,25688.0,1064,6860,0,0,0.0
20141224,25701.0,25722.0,25532.0,25554.0,672,6764,0,0,0.0
20141226,25815.0,25846.0,25553.0,25637.0,616,6833,0,0,0.0
20141229,25598.0,25670.0,24922.0,24975.0,2089,7591,0,0,0.0
20141231,24626.0,24740.0,24250.0,24313.0,845,7724,0,0,0.0
20150102,24357.0,24482.0,23567.0,23889.0,578,7789,0,0,0.0
20150105,23902.0,24079.0,23774.0,23972.0,580,7754,0,0,0.0
20150106,23954.0,24038.0,23857.0,24013.0,218,7778,0,0,0.0
20150107,23975.0,24265.0,23960.0,24106.0,245,7795,0,0,0.0
20150108,24130.0,24162.0,23826.0,23847.0,364,7788,0,0,0.0
20150109,23882.0,24038.0,23836.0,23888.0,171,7781,0,0,0.0
20150112,23851.0,23893.0,23598.0,23712.0,403,7756,0,0,0.0
20150113,23686.0,23800.0,23588.0,23681.0,265,7753,0,0,0.0
20150114,23634.0,23738.0,23040.0,23071.0,654,7809,0,0,0.0
20150115,22993.0,23459.0,22885.0,23443.0,403,7803,0,0,0.0
20150116,23427.0,23573.0,23278.0,23433.0,138,7782,0,0,0.0
20150120,23458.0,23542.0,23247.0,23309.0,306,7861,0,0,0.0
20150121,23406.0,23563.0,23350.0,23526.0,234,7876,0,0,0.0
20150122,23458.0,23470.0,23071.0,23091.0,794,7733,0,0,0.0
20150123,23086.0,23232.0,22668.0,22781.0,725,7739,0,0,0.0
20150126,22734.0,22736.0,22358.0,22522.0,550,7808,0,0,0.0
20150127,22517.0,23222.0,22523.0,22698.0,406,7783,0,0,0.0
20150128,22755.0,23036.0,22140.0,22212.0,766,7705,0,0,0.0
20150129,22259.0,23512.0,22140.0,22471.0,2624,7606,0,0,0.0
20150130,22455.0,22571.0,21768.0,21871.0,1883,7472,0,0,0.0
20150202,21855.0,21909.0,21251.0,21323.0,2277,7245,0,0,0.0
20150203,21276.0,21702.0,20703.0,21489.0,805,7143,0,0,0.0
20150204,21297.0,21805.0,20982.0,21210.0,356,7160,0,0,0.0
20150205,21225.0,21660.0,21210.0,21624.0,357,7033,0,0,0.0
20150206,21659.0,22229.0,21634.0,22224.0,1054,6924,0,0,0.0
20150209,22207.0,22229.0,21551.0,21593.0,794,6868,0,0,0.0
20150210,21700.0,21743.0,20993.0,21179.0,2339,6215,0,0,0.0
20150211,21090.0,21505.0,21096.0,21479.0,1078,5581,0,0,0.0
20150212,21410.0,21670.0,21344.0,21376.0,1078,5129,0,0,0.0
20150213,21327.0,21815.0,21334.0,21780.0,1590,4659,0,0,0.0
20150217,21741.0,22094.0,21406.0,22101.0,2547,3869,0,0,0.0
20150218,22113.0,22590.0,21964.0,22494.0,2764,3106,0,0,0.0
20150219,22413.0,22528.0,22223.0,22349.0,2190,2499,201505,201505,0.0
20150220,22330.0,22332.0,22006.0,22204.0,1746,6660,0,0,620.0
20150223,22240.0,22242.0,21514.0,21560.0,1046,6801,0,0,0.0
20150224,21667.0,21739.0,21373.0,21540.0,1502,7049,0,0,0.0
20150225,21526.0,21900.0,21172.0,21661.0,2097,7312,0,0,0.0
20150226,21647.0,21659.0,21172.0,21430.0,1906,7610,0,0,0.0
20150227,21436.0,21689.0,21202.0,21611.0,1060,7634,0,0,0.0
20150302,21476.0,21930.0,21473.0,21712.0,489,7650,0,0,0.0
20150303,21697.0,21789.0,21322.0,21370.0,797,7624,0,0,0.0
20150304,21365.0,21628.0,21362.0,21571.0,515,7578,0,0,0.0
20150305,21476.0,21648.0,21282.0,21310.0,596,7555,0,0,0.0
20150306,21295.0,21387.0,20890.0,21069.0,578,7552,0,0,0.0
20150309,20943.0,21196.0,20910.0,21190.0,370,7541,0,0,0.0
20150310,21194.0,21256.0,21010.0,21160.0,242,7497,0,0,0.0
20150311,21204.0,21588.0,21171.0,21592.0,608,7479,0,0,0.0
20150312,21495.0,21809.0,21402.0,21481.0,609,7436,0,0,0.0
20150313,21405.0,21628.0,21221.0,21280.0,233,7428,0,0,0.0
20150316,21264.0,21487.0,20899.0,21169.0,394,7421,0,0,0.0
20150317,21194.0,21366.0,21120.0,21370.0,216,7368,0,0,0.0
20150318,21355.0,22220.0,21261.0,22215.0,699,7151,0,0,0.0
20150319,22048.0,22069.0,21623.0,21974.0,292,7088,0,0,0.0
20150320,21827.0,21999.0,21814.0,21964.0,292,7103,0,0,0.0
20150323,21927.0,22240.0,21914.0,22185.0,373,7184,0,0,0.0
20150324,22088.0,22732.0,22085.0,22376.0,705,7113,0,0,0.0
20150325,22410.0,22431.0,21995.0,22044.0,717,7185,0,0,0.0
20150326,22048.0,22361.0,21995.0,22346.0,336,7142,0,0,0.0
20150327,22339.0,22361.0,22015.0,22105.0,407,7076,0,0,0.0
20150330,22048.0,22421.0,22005.0,22366.0,996,6843,0,0,0.0
20150331,22209.0,22491.0,21834.0,21873.0,1500,6780,0,0,0.0
20150401,21747.0,22029.0,21643.0,21682.0,957,6640,0,0,0.0
20150402,21667.0,21908.0,21633.0,21853.0,560,6643,0,0,0.0
20150406,21808.0,21908.0,21703.0,21773.0,228,6647,0,0,0.0
20150407,21748.0,21858.0,21442.0,21481.0,3186,6622,0,0,0.0
20150408,21497.0,21597.0,21221.0,21270.0,2165,6475,0,0,0.0
20150409,21296.0,21356.0,20889.0,20918.0,2862,6552,0,0,0.0
20150410,20974.0,20994.0,20608.0,20636.0,2862,6552,0,0,0.0
20150413,20743.0,20823.0,20266.0,20324.0,524,6418,0,0,0.0
20150414,20271.0,20562.0,20115.0,20535.0,1120,6389,0,0,0.0
20150415,20482.0,20703.0,20266.0,20304.0,651,5850,0,0,0.0
20150416,20301.0,20361.0,19904.0,20043.0,927,5452,0,0,0.0
20150417,20160.0,20160.0,19603.0,19922.0,1331,5228,0,0,0.0
20150420,20009.0,20039.0,19613.0,19661.0,527,4764,0,0,0.0
20150421,19667.0,20160.0,19663.0,20073.0,1608,4605,201507,201507,0.0
20150422,20099.0,20431.0,20075.0,20435.0,883,5530,0,0,460.0
20150423,20315.0,20392.0,20154.0,20238.0,851,5809,0,0,0.0
20150424,20246.0,20294.0,20095.0,20120.0,676,6199,0,0,0.0
20150427,20118.0,20196.0,19889.0,19913.0,1120,6541,0,0,0.0
20150428,19931.0,20343.0,19909.0,20129.0,868,7067,0,0,0.0
20150429,20118.0,20589.0,19988.0,20513.0,1544,7292,0,0,0.0
20150430,20491.0,20550.0,19998.0,20247.0,592,7731,0,0,0.0
20150501,20216.0,20226.0,19998.0,20070.0,615,7702,0,0,0.0
20150504,20049.0,20511.0,19802.0,19873.0,462,7714,0,0,0.0
20150505,19882.0,20029.0,19527.0,19617.0,463,7732,0,0,0.0
20150506,19538.0,19764.0,19154.0,19263.0,626,7740,0,0,0.0
20150507,19155.0,19253.0,19016.0,19066.0,546,7754,0,0,0.0
20150508,19037.0,19263.0,19016.0,19154.0,251,7798,0,0,0.0
20150511,19175.0,19479.0,18869.0,18898.0,387,7852,0,0,0.0
20150512,18861.0,18889.0,18191.0,18574.0,591,7845,0,0,0.0
20150513,18547.0,18673.0,18171.0,18574.0,411,7877,0,0,0.0
20150514,18459.0,18987.0,18377.0,18948.0,364,7922,0,0,0.0
20150515,18832.0,18908.0,18623.0,18830.0,332,7892,0,0,0.0
20150518,18832.0,19380.0,18829.0,19263.0,336,7893,0,0,0.0
20150519,19225.0,19360.0,18888.0,18978.0,208,7865,0,0,0.0
20150520,18999.0,19006.0,18741.0,18821.0,238,7840,0,0,0.0
20150521,18822.0,18986.0,18820.0,18910.0,229,7884,0,0,0.0
20150522,18861.0,18966.0,18506.0,18546.0,337,7915,0,0,0.0
20150526,18468.0,19143.0,18467.0,18526.0,312,7930,0,0,0.0
20150527,18439.0,18642.0,18418.0,18546.0,379,7981,0,0,0.0
20150528,18527.0,18780.0,18526.0,18703.0,999,7946,0,0,0.0
20150529,18665.0,18809.0,18526.0,18703.0,713,7824,0,0,0.0
20150601,18685.0,19045.0,18565.0,18978.0,550,7642,0,0,0.0
20150602,18940.0,19232.0,18938.0,19224.0,394,7510,0,0,0.0
20150603,19176.0,19537.0,19134.0,19401.0,495,7391,0,0,0.0
20150604,19353.0,19557.0,19330.0,19519.0,307,7157,0,0,0.0
20150605,19540.0,19695.0,19026.0,19283.0,474,7062,0,0,0.0
20150608,19157.0,19557.0,19154.0,19558.0,312,6903,0,0,0.0
20150609,19511.0,19616.0,19390.0,19627.0,534,6870,0,0,0.0
20150610,19580.0,19626.0,19194.0,19411.0,605,6894,0,0,0.0
20150611,19452.0,19508.0,18998.0,19264.0,569,6706,0,0,0.0
20150612,19246.0,19252.0,18998.0,19038.0,501,6521,0,0,0.0
20150615,19040.0,19340.0,18910.0,19225.0,1001,6154,0,0,0.0
20150616,19256.0,19399.0,19156.0,19274.0,936,5520,0,0,0.0
20150617,19227.0,19419.0,19097.0,19136.0,959,5068,0,0,0.0
20150618,19109.0,19350.0,19107.0,19303.0,820,4374,0,0,0.0
20150619,19099.0,19252.0,18979.0,19116.0,704,3785,201509,201509,0.0
20150622,19020.0,19340.0,18999.0,19352.0,548,6067,0,0,520.0
20150623,19336.0,19474.0,19229.0,19323.0,733,6310,0,0,0.0
20150624,19326.0,19943.0,19258.0,19927.0,887,6570,0,0,0.0
20150625,19871.0,19953.0,19679.0,19783.0,848,6959,0,0,0.0
20150626,19680.0,19896.0,19574.0,19630.0,1192,7224,0,0,0.0
20150629,19489.0,19503.0,19067.0,19323.0,1410,7356,0,0,0.0
20150630,19231.0,20288.0,19230.0,20032.0,1252,7629,0,0,0.0
20150701,19901.0,20374.0,19842.0,20358.0,896,7702,0,0,0.0
20150702,20332.0,20776.0,19919.0,20377.0,880,7826,0,0,0.0
20150706,20351.0,20948.0,19967.0,20722.0,1335,7841,0,0,0.0
20150707,20762.0,20929.0,20598.0,20875.0,654,8037,0,0,0.0
20150708,20810.0,21456.0,20808.0,21095.0,923,7857,0,0,0.0
20150709,21068.0,21408.0,21066.0,21172.0,437,7949,0,0,0.0
20150710,21145.0,21791.0,21056.0,21239.0,991,7898,0,0,0.0
20150713,21068.0,21197.0,20807.0,20952.0,619,7954,0,0,0.0
20150714,20771.0,21350.0,20769.0,21230.0,664,7717,0,0,0.0
20150715,21192.0,21254.0,21085.0,21192.0,247,7689,0,0,0.0
20150716,21144.0,21235.0,20932.0,21000.0,434,7652,0,0,0.0
20150717,21000.0,21063.0,20616.0,20923.0,595,7540,0,0,0.0
20150720,20751.0,20967.0,20616.0,20866.0,415,7301,0,0,0.0
20150721,20875.0,21149.0,20855.0,21086.0,474,7371,0,0,0.0
20150722,21019.0,21340.0,20884.0,21306.0,527,7405,0,0,0.0
20150723,21239.0,21503.0,21171.0,21287.0,442,7333,0,0,0.0
20150724,21268.0,21283.0,21008.0,21162.0,450,7315,0,0,0.0
20150727,21163.0,21254.0,20855.0,20999.0,504,7294,0,0,0.0
20150728,20981.0,21158.0,20817.0,21037.0,323,7205,0,0,0.0
20150729,21010.0,21474.0,21008.0,21459.0,491,7280,0,0,0.0
20150730,21431.0,22115.0,21266.0,21909.0,1230,7186,0,0,0.0
20150731,21929.0,22306.0,21677.0,22062.0,944,7119,0,0,0.0
20150803,22111.0,22239.0,21639.0,21832.0,794,6995,0,0,0.0
20150804,21814.0,22086.0,21696.0,21947.0,1146,6898,0,0,0.0
20150805,21967.0,22172.0,21868.0,22110.0,285,6686,0,0,0.0
20150806,22063.0,22076.0,21830.0,21918.0,810,6633,0,0,0.0
20150807,21900.0,21990.0,21830.0,21899.0,292,6534,0,0,0.0
20150810,21890.0,22775.0,21859.0,22723.0,1052,6448,0,0,0.0
20150811,22388.0,23110.0,22385.0,22589.0,3001,6433,0,0,0.0
20150812,22378.0,22861.0,22060.0,22436.0,795,5469,0,0,0.0
20150813,22215.0,22842.0,22098.0,22800.0,536,5225,0,0,0.0
20150814,22770.0,22861.0,22615.0,22647.0,461,5085,0,0,0.0
20150817,22626.0,22976.0,22615.0,22982.0,409,4893,0,0,0.0
20150818,22865.0,22957.0,22519.0,22685.0,490,4702,0,0,0.0
20150819,22664.0,22880.0,22548.0,22800.0,467,4495,0,0,0.0
20150820,22769.0,22813.0,22213.0,22292.0,619,4347,201511,201511,0.0
20150821,22310.0,22622.0,22050.0,22359.0,931,4786,0,0,510.0
20150824,22301.0,22435.0,21404.0,21900.0,1358,5293,0,0,0.0
20150825,21870.0,22051.0,21432.0,21797.0,1438,5745,0,0,0.0
20150826,21711.0,21901.0,21638.0,21750.0,907,6449,0,0,0.0
20150827,21674.0,21929.0,21516.0,21731.0,904,6632,0,0,0.0
20150828,21833.0,22388.0,21806.0,22284.0,1064,6650,0,0,0.0
20150831,22095.0,22950.0,22087.0,22800.0,1305,6817,0,0,0.0
20150901,22741.0,22763.0,21993.0,22247.0,724,6940,0,0,0.0
20150902,22217.0,22491.0,22105.0,22416.0,780,6919,0,0,0.0
20150903,22292.0,22828.0,22283.0,22613.0,382,6943,0,0,0.0
20150904,22620.0,22772.0,22564.0,22707.0,175,7015,0,0,0.0
20150908,22648.0,22997.0,22555.0,22998.0,404,7038,0,0,0.0
20150909,22873.0,23644.0,22836.0,23373.0,846,7205,0,0,0.0
20150910,23350.0,23878.0,23182.0,23757.0,817,7298,0,0,0.0
20150911,23734.0,24178.0,23659.0,24057.0,793,7346,0,0,0.0
20150914,23931.0,24515.0,23902.0,24366.0,728,7595,0,0,0.0
20150915,24277.0,24346.0,23977.0,24319.0,349,7888,0,0,0.0
20150916,24211.0,24299.0,23977.0,24122.0,475,7937,0,0,0.0
20150917,23996.0,24402.0,23528.0,24178.0,381,7856,0,0,0.0
20150918,23977.0,24346.0,23949.0,24281.0,265,7893,0,0,0.0
20150921,24117.0,24205.0,23865.0,24009.0,196,7924,0,0,0.0
20150922,23939.0,24083.0,23753.0,23897.0,311,7960,0,0,0.0
20150923,23855.0,24214.0,23772.0,24206.0,263,8093,0,0,0.0
20150924,24117.0,24439.0,24109.0,24403.0,449,8158,0,0,0.0
20150925,24360.0,25001.0,24352.0,24881.0,874,8234,0,0,0.0
20150928,24753.0,25067.0,24642.0,25012.0,316,8433,0,0,0.0
20150929,24968.0,25095.0,24913.0,24984.0,585,8543,0,0,0.0
20150930,24902.0,25095.0,24614.0,24750.0,1121,8331,0,0,0.0
20151001,24687.0,25039.0,24633.0,24938.0,772,8015,0,0,0.0
20151002,24818.0,24983.0,24689.0,24844.0,397,7995,0,0,0.0
20151005,24724.0,25189.0,24708.0,25125.0,1163,7982,0,0,0.0
20151006,25080.0,25142.0,24914.0,25059.0,364,8167,0,0,0.0
20151007,24921.0,25030.0,24746.0,24984.0,386,8154,0,0,0.0
20151008,24874.0,24899.0,24184.0,24356.0,937,8151,0,0,0.0
20151009,24209.0,24552.0,23866.0,24365.0,952,8226,0,0,0.0
20151012,24275.0,24486.0,24034.0,24159.0,514,8153,0,0,0.0
20151013,24135.0,24327.0,23538.0,23615.0,1330,7929,0,0,0.0
20151014,23536.0,23559.0,22583.0,22771.0,2393,7338,0,0,0.0
20151015,22656.0,23231.0,22443.0,23024.0,1129,6714,0,0,0.0
20151016,22993.0,23184.0,22668.0,22705.0,592,6186,0,0,0.0
20151019,22712.0,22875.0,22584.0,22696.0,791,6014,0,0,0.0
20151020,22628.0,22987.0,22621.0,22827.0,487,5650,0,0,0.0
20151021,22806.0,23034.0,22799.0,22986.0,894,5502,201601,201601,0.0
20151022,22862.0,22922.0,22612.0,22667.0,1380,6250,0,0,660.0
20151023,22643.0,22849.0,22111.0,22156.0,1228,6934,0,0,0.0
20151026,22133.0,22283.0,21737.0,21800.0,1056,7207,0,0,0.0
20151027,21832.0,22137.0,21418.0,21690.0,1633,7769,0,0,0.0
20151028,21704.0,21772.0,21227.0,21325.0,1311,8272,0,0,0.0
20151029,21239.0,21644.0,21045.0,21571.0,1837,8584,0,0,0.0
20151030,21613.0,21836.0,21136.0,21708.0,1293,9248,0,0,0.0
20151102,21759.0,22447.0,21746.0,22210.0,886,9352,0,0,0.0
20151103,22187.0,22265.0,21956.0,22219.0,555,9310,0,0,0.0
20151104,22242.0,22730.0,22175.0,22712.0,630,9344,0,0,0.0
20151105,22661.0,22785.0,22503.0,22730.0,334,9281,0,0,0.0
20151106,22661.0,22794.0,22539.0,22703.0,283,9256,0,0,0.0
20151109,22606.0,22630.0,21683.0,22000.0,759,9282,0,0,0.0
20151110,21950.0,22475.0,21601.0,21681.0,1094,9279,0,0,0.0
20151111,21695.0,21864.0,21592.0,21681.0,273,9444,0,0,0.0
20151112,21686.0,22585.0,21674.0,22557.0,404,9390,0,0,0.0
20151113,22433.0,22485.0,21929.0,22165.0,686,9291,0,0,0.0
20151116,22023.0,22166.0,21464.0,21608.0,499,9253,0,0,0.0
20151117,21476.0,22266.0,21400.0,22019.0,642,9314,0,0,0.0
20151118,21968.0,22020.0,21500.0,21608.0,292,9244,0,0,0.0
20151119,21676.0,21856.0,21409.0,21617.0,893,9224,0,0,0.0
20151120,21649.0,22212.0,21427.0,22137.0,294,9112,0,0,0.0
20151123,22096.0,22440.0,21919.0,22091.0,232,8924,0,0,0.0
20151124,22142.0,22431.0,22037.0,22246.0,578,8883,0,0,0.0
20151125,22014.0,22486.0,22001.0,22137.0,210,8603,0,0,0.0
20151127,22142.0,22167.0,21591.0,21818.0,290,8588,0,0,0.0
20151130,21777.0,22012.0,21618.0,21727.0,1028,8598,0,0,0.0
20151201,21786.0,21811.0,21235.0,21380.0,789,8175,0,0,0.0
20151202,21367.0,21537.0,20752.0,20796.0,899,8108,0,0,0.0
20151203,20784.0,20871.0,20324.0,20504.0,1145,7954,0,0,0.0
20151204,20583.0,20780.0,20206.0,20404.0,500,8078,0,0,0.0
20151207,20392.0,20451.0,19750.0,19847.0,1665,8124,0,0,0.0
20151208,19863.0,20122.0,19604.0,20020.0,603,7747,0,0,0.0
20151209,20054.0,20113.0,19795.0,20084.0,543,7664,0,0,0.0
20151210,20081.0,20469.0,20014.0,20276.0,700,7764,0,0,0.0
20151211,20409.0,20487.0,20005.0,20176.0,364,7644,0,0,0.0
20151214,20254.0,20359.0,19950.0,20048.0,850,7598,0,0,0.0
20151215,19981.0,20140.0,19786.0,19893.0,587,7254,0,0,0.0
20151216,19872.0,20067.0,19786.0,19993.0,857,7051,0,0,0.0
20151217,19908.0,20423.0,19850.0,20276.0,733,6731,0,0,0.0
20151218,20218.0,20396.0,19950.0,20221.0,576,6356,0,0,0.0
20151221,20136.0,20305.0,19877.0,19984.0,1103,6043,201603,201603,0.0
20151222,20017.0,20040.0,19604.0,19692.0,1026,6892,0,0,590.0
20151223,19689.0,19880.0,19631.0,19825.0,960,7554,0,0,0.0
20151228,19733.0,20200.0,19711.0,20118.0,1325,8221,0,0,0.0
20151229,20106.0,21382.0,19924.0,21202.0,2121,8859,0,0,0.0
20151230,21171.0,21240.0,20846.0,20989.0,1470,9080,0,0,0.0
20151231,20958.0,21080.0,20704.0,21025.0,484,9702,0,0,0.0
20160104,20985.0,21116.0,20731.0,20910.0,612,9708,0,0,0.0
20160105,20843.0,21294.0,20713.0,21185.0,512,9681,0,0,0.0
20160106,21092.0,21267.0,20908.0,21016.0,418,9718,0,0,0.0
20160107,20968.0,21018.0,20509.0,20643.0,500,9770,0,0,0.0
20160108,20577.0,21089.0,20509.0,21043.0,566,9800,0,0,0.0
20160111,20994.0,21071.0,20713.0,20910.0,296,9766,0,0,0.0
20160112,20896.0,21062.0,20660.0,20821.0,329,9724,0,0,0.0
20160113,20816.0,20840.0,19782.0,20075.0,960,9756,0,0,0.0
20160114,20061.0,20173.0,19188.0,19329.0,1356,9704,0,0,0.0
20160115,19324.0,19524.0,18887.0,18947.0,549,9901,0,0,0.0
20160119,18996.0,19391.0,18958.0,19320.0,505,9993,0,0,0.0
20160120,19351.0,19373.0,18993.0,19258.0,523,9933,0,0,0.0
20160121,19244.0,19569.0,19046.0,19507.0,369,9861,0,0,0.0
20160122,19475.0,19711.0,19170.0,19471.0,320,9855,0,0,0.0
20160125,19528.0,19604.0,19179.0,19560.0,287,9763,0,0,0.0
20160126,19528.0,19728.0,19365.0,19675.0,381,9782,0,0,0.0
20160127,19652.0,20101.0,19551.0,20013.0,326,9714,0,0,0.0
20160128,19945.0,20403.0,19790.0,20093.0,601,9615,0,0,0.0
20160129,20167.0,20243.0,19825.0,20164.0,654,9479,0,0,0.0
20160201,20185.0,20323.0,19266.0,19551.0,760,9116,0,0,0.0
20160202,19617.0,19959.0,19488.0,19853.0,498,9149,0,0,0.0
20160203,19741.0,19923.0,19559.0,19782.0,224,8974,0,0,0.0
20160204,19865.0,19950.0,19479.0,19631.0,333,8898,0,0,0.0
20160205,19705.0,19781.0,19585.0,19755.0,412,9058,0,0,0.0
20160208,19696.0,19781.0,19346.0,19400.0,449,8946,0,0,0.0
20160209,19137.0,19443.0,18938.0,19116.0,660,8870,0,0,0.0
20160210,19190.0,19781.0,19080.0,19773.0,944,8736,0,0,0.0
20160211,19634.0,19728.0,19399.0,19569.0,536,8277,0,0,0.0
20160212,19403.0,19701.0,18982.0,19125.0,691,7950,0,0,0.0
20160216,19101.0,19470.0,19035.0,19258.0,1181,7688,0,0,0.0
20160217,19225.0,19861.0,19115.0,19613.0,627,7211,0,0,0.0
20160218,19589.0,19657.0,19230.0,19293.0,481,6815,0,0,0.0
20160219,19287.0,19613.0,19212.0,19577.0,909,6471,201605,201605,0.0
20160222,19527.0,19729.0,18751.0,19160.0,1579,5331,0,0,390.0
20160223,19239.0,19319.0,18821.0,18959.0,2008,6200,0,0,0.0
20160224,18855.0,19188.0,18656.0,19090.0,1531,6968,0,0,0.0
20160225,19064.0,19127.0,18569.0,18697.0,1631,7995,0,0,0.0
20160226,18689.0,18778.0,18169.0,18636.0,2473,9037,0,0,0.0
20160229,18628.0,18865.0,18282.0,18819.0,491,10225,0,0,0.0
20160301,18820.0,18848.0,18395.0,18583.0,677,10282,0,0,0.0
20160302,18576.0,18813.0,18282.0,18347.0,348,10060,0,0,0.0
20160303,18393.0,18595.0,18178.0,18330.0,351,10053,0,0,0.0
20160304,18428.0,18525.0,18248.0,18330.0,235,9988,0,0,0.0
20160307,18445.0,19128.0,18335.0,18670.0,387,10085,0,0,0.0
20160308,18523.0,18752.0,18248.0,18382.0,260,9995,0,0,0.0
20160309,18375.0,18481.0,17935.0,18120.0,534,9983,0,0,0.0
20160310,18122.0,18437.0,17761.0,18050.0,550,10062,0,0,0.0
20160311,17948.0,18289.0,17918.0,18024.0,267,10088,0,0,0.0
20160314,18114.0,18411.0,18005.0,18233.0,331,10131,0,0,0.0
20160315,18219.0,18324.0,17927.0,18093.0,264,10157,0,0,0.0
20160316,17957.0,18368.0,17779.0,18294.0,405,10182,0,0,0.0
20160317,18271.0,18674.0,18240.0,18399.0,609,10105,0,0,0.0
20160318,18489.0,18517.0,18136.0,18233.0,307,10208,0,0,0.0
20160321,18227.0,18377.0,18023.0,18102.0,220,10216,0,0,0.0
20160322,18053.0,18220.0,17866.0,18154.0,197,10275,0,0,0.0
20160323,18158.0,18246.0,17892.0,17980.0,305,10333,0,0,0.0
20160324,17931.0,18028.0,17631.0,17910.0,550,10301,0,0,0.0
20160328,17905.0,17967.0,17701.0,17779.0,129,10130,0,0,0.0
20160329,17765.0,17871.0,17466.0,17561.0,656,10139,0,0,0.0
20160330,17625.0,17766.0,17240.0,17500.0,804,10263,0,0,0.0
20160331,17547.0,17880.0,16413.0,16907.0,1736,10214,0,0,0.0
20160401,16718.0,17094.0,16587.0,17020.0,1153,9982,0,0,0.0
20160404,17084.0,17216.0,16918.0,17099.0,405,9745,0,0,0.0
20160405,17014.0,17181.0,16840.0,17082.0,793,9449,0,0,0.0
20160406,17127.0,17190.0,16953.0,17003.0,283,9038,0,0,0.0
20160407,17005.0,17207.0,16979.0,17186.0,223,9045,0,0,0.0
20160408,17162.0,17417.0,17127.0,17360.0,875,9029,0,0,0.0
20160411,17319.0,17522.0,17127.0,17177.0,617,8783,0,0,0.0
20160412,17188.0,17470.0,16979.0,17072.0,911,8601,0,0,0.0
20160413,17031.0,17322.0,16996.0,17255.0,471,8052,0,0,0.0
20160414,17266.0,17942.0,17109.0,17831.0,1966,7795,0,0,0.0
20160415,17859.0,18274.0,17736.0,17997.0,1249,6881,0,0,0.0
20160418,17728.0,18169.0,17510.0,17901.0,1058,6315,0,0,0.0
20160419,17868.0,18125.0,17763.0,18075.0,750,5815,0,0,0.0
20160420,18051.0,18675.0,17946.0,18581.0,1110,5526,0,0,0.0
20160421,18557.0,18815.0,18451.0,18607.0,1028,5141,201607,201607,0.0
20160422,18601.0,18658.0,18198.0,18302.0,1739,5547,0,0,530.0
20160425,18456.0,19050.0,18240.0,18872.0,1826,6202,0,0,0.0
20160426,18873.0,19417.0,18834.0,19059.0,1505,6554,0,0,0.0
20160427,18873.0,19238.0,18426.0,18889.0,1978,6950,0,0,0.0
20160428,18771.0,19127.0,18664.0,18727.0,1222,7736,0,0,0.0
20160429,18635.0,19008.0,18554.0,18914.0,422,8096,0,0,0.0
20160502,18916.0,19375.0,18877.0,19288.0,649,8168,0,0,0.0
20160503,19248.0,19537.0,19038.0,19475.0,705,7999,0,0,0.0
20160504,19401.0,19699.0,19352.0,19475.0,709,7922,0,0,0.0
20160505,19452.0,19605.0,19097.0,19356.0,414,7830,0,0,0.0
20160506,19299.0,19545.0,19148.0,19416.0,262,7627,0,0,0.0
20160509,19359.0,19392.0,18273.0,19084.0,612,7560,0,0,0.0
20160510,19053.0,19631.0,18910.0,19399.0,725,7505,0,0,0.0
20160511,19368.0,19605.0,19190.0,19552.0,349,7551,0,0,0.0
20160512,19538.0,20193.0,19470.0,20105.0,1000,7557,0,0,0.0
20160513,20066.0,20159.0,19708.0,19884.0,687,7683,0,0,0.0
20160516,19828.0,20508.0,19708.0,20301.0,742,7628,0,0,0.0
20160517,20271.0,20661.0,20217.0,20607.0,764,7540,0,0,0.0
20160518,20518.0,20704.0,20141.0,20667.0,592,7581,0,0,0.0
20160519,20569.0,20636.0,20056.0,20156.0,431,7490,0,0,0.0
20160520,20084.0,20150.0,19886.0,20028.0,400,7423,0,0,0.0
20160523,20058.0,20116.0,19682.0,19764.0,403,7342,0,0,0.0
20160524,19743.0,19903.0,19640.0,19687.0,487,7229,0,0,0.0
20160525,19666.0,19724.0,19054.0,19117.0,719,7141,0,0,0.0
20160526,19147.0,19519.0,18680.0,18819.0,589,6919,0,0,0.0
20160527,18866.0,18991.0,18264.0,18317.0,1087,6821,0,0,0.0
