Date,Open,High,Low,Close,Volume,OI,P,R,RINFO
20140603,83250.0,83850.0,83135.0,83670.0,2949,40163,0,0,0.0
20140604,83770.0,83800.0,83270.0,83715.0,3076,39979,0,0,0.0
20140605,83725.0,83990.0,83285.0,83945.0,2893,39905,0,0,0.0
20140606,83970.0,84640.0,83670.0,84425.0,6238,39486,0,0,0.0
20140609,84480.0,84640.0,84020.0,84160.0,2209,39273,0,0,0.0
20140610,84315.0,85575.0,84105.0,85455.0,6261,40036,0,0,0.0
20140611,85455.0,86460.0,85195.0,86015.0,4466,40366,0,0,0.0
20140612,86170.0,86320.0,81850.0,81940.0,15700,38626,0,0,0.0
20140613,82510.0,83125.0,80635.0,81260.0,8904,37932,0,0,0.0
20140616,81550.0,82350.0,80830.0,80935.0,4163,38150,0,0,0.0
20140617,81025.0,81905.0,80800.0,81670.0,4003,38299,0,0,0.0
20140618,81730.0,83450.0,81725.0,82265.0,4966,38109,0,0,0.0
20140619,82670.0,83900.0,82450.0,83860.0,5034,38745,0,0,0.0
20140620,83835.0,83850.0,81895.0,82220.0,4444,38544,0,0,0.0
20140623,82165.0,82350.0,81050.0,82265.0,4821,38291,0,0,0.0
20140624,82195.0,83465.0,81945.0,83040.0,4207,38564,0,0,0.0
20140625,82905.0,83475.0,82230.0,83325.0,3655,38766,0,0,0.0
20140626,83245.0,83840.0,82750.0,83580.0,3775,38612,0,0,0.0
20140627,83630.0,84400.0,83530.0,84285.0,3626,39032,0,0,0.0
20140630,84290.0,84800.0,84055.0,84315.0,3139,38719,0,0,0.0
20140701,84420.0,85580.0,84345.0,85460.0,4427,39101,0,0,0.0
20140702,85430.0,86285.0,85020.0,85740.0,5745,39398,0,0,0.0
20140703,85740.0,86745.0,84910.0,86190.0,6306,40334,0,0,0.0
20140707,86470.0,86960.0,85635.0,86895.0,4476,40416,0,0,0.0
20140708,86975.0,87600.0,86605.0,87290.0,4239,40134,0,0,0.0
20140709,87275.0,87600.0,87050.0,87270.0,2946,40080,0,0,0.0
20140710,87300.0,87775.0,86010.0,87360.0,4739,40180,0,0,0.0
20140711,87260.0,87580.0,86500.0,87530.0,3294,40231,0,0,0.0
20140714,87420.0,87485.0,86715.0,87200.0,4725,40210,0,0,0.0
20140715,87220.0,87600.0,86290.0,86855.0,5329,40527,0,0,0.0
20140716,86790.0,87720.0,86700.0,87675.0,4076,41059,0,0,0.0
20140717,87535.0,89000.0,87470.0,88510.0,6713,41616,0,0,0.0
20140718,88335.0,88755.0,87010.0,88150.0,4602,41735,0,0,0.0
20140721,88190.0,88650.0,87605.0,87715.0,3329,41446,0,0,0.0
20140722,87600.0,87755.0,86650.0,87485.0,4025,41244,0,0,0.0
20140723,87250.0,87890.0,87155.0,87430.0,2404,41276,0,0,0.0
20140724,87210.0,87545.0,86780.0,87095.0,4212,41385,0,0,0.0
20140725,87115.0,88090.0,87055.0,87980.0,4067,41386,0,0,0.0
20140728,88105.0,88990.0,87775.0,88075.0,4863,42059,0,0,0.0
20140729,88075.0,88680.0,87810.0,87830.0,4844,41734,0,0,0.0
20140730,87900.0,88325.0,87710.0,88015.0,3585,41401,0,0,0.0
20140731,88145.0,88345.0,87005.0,87370.0,5121,41389,0,0,0.0
20140801,87370.0,87600.0,86160.0,86455.0,6210,40687,0,0,0.0
20140804,86455.0,87075.0,85345.0,85510.0,6141,40193,0,0,0.0
20140805,85645.0,86000.0,83750.0,84835.0,9736,39244,0,0,0.0
20140806,84880.0,85100.0,84035.0,84890.0,5868,38960,0,0,0.0
20140807,85060.0,86080.0,84700.0,85605.0,8680,38484,0,0,0.0
20140808,85645.0,86440.0,85460.0,86050.0,6598,37988,0,0,0.0
20140811,86340.0,87655.0,85760.0,87470.0,7871,36235,0,0,0.0
20140812,87560.0,88405.0,87290.0,87800.0,7603,35348,0,0,0.0
20140813,87830.0,88295.0,87500.0,88160.0,6627,34464,0,0,0.0
20140814,88085.0,88725.0,87765.0,88615.0,5068,34106,0,0,0.0
20140815,88355.0,89600.0,87340.0,89450.0,14365,32511,0,0,0.0
20140818,89475.0,90275.0,89190.0,89490.0,7716,31008,0,0,0.0
20140819,89315.0,89730.0,87660.0,88080.0,10058,28705,0,0,0.0
20140820,88215.0,88300.0,86550.0,86845.0,13319,25639,0,0,0.0
20140821,86700.0,88025.0,86500.0,87990.0,11247,23519,201412,201412,0.0
20140822,87975.0,88915.0,87975.0,88785.0,14403,25045,0,0,85.0
20140825,88784.0,89115.0,88135.0,89065.0,14610,30383,0,0,0.0
20140826,89024.0,89125.0,88415.0,88930.0,21569,36388,0,0,0.0
20140827,88739.0,89405.0,88445.0,89385.0,14329,39792,0,0,0.0
20140828,89403.0,90064.0,89269.0,89725.0,10365,41854,0,0,0.0
20140829,89688.0,90963.0,89484.0,90869.0,6063,42799,0,0,0.0
20140902,90867.0,91213.0,88070.0,88241.0,6063,42799,0,0,0.0
20140903,88175.0,88745.0,86921.0,87512.0,6763,42148,0,0,0.0
20140904,87461.0,89085.0,87231.0,89016.0,5645,41851,0,0,0.0
20140905,88910.0,89220.0,88270.0,89061.0,3150,41757,0,0,0.0
20140908,88905.0,89610.0,88130.0,88531.0,3162,41611,0,0,0.0
20140909,88600.0,88726.0,85478.0,85963.0,7841,42173,0,0,0.0
20140910,86217.0,86418.0,84549.0,84824.0,7430,41289,0,0,0.0
20140911,85353.0,85354.0,82981.0,83241.0,8179,40251,0,0,0.0
20140912,83385.0,83840.0,82122.0,83526.0,8185,39788,0,0,0.0
20140915,83675.0,84984.0,83341.0,83611.0,5343,39332,0,0,0.0
20140916,83485.0,84619.0,83241.0,84350.0,4682,39712,0,0,0.0
20140917,84029.0,84589.0,83251.0,83825.0,2687,35011,0,0,0.0
20140918,83320.0,83330.0,81942.0,83086.0,4809,34942,0,0,0.0
20140919,82970.0,83295.0,80623.0,81183.0,7087,35247,0,0,0.0
20140922,81267.0,81582.0,79954.0,80239.0,5099,34703,0,0,0.0
20140923,80088.0,81822.0,80089.0,81503.0,5220,34207,0,0,0.0
20140924,81282.0,82466.0,81283.0,81928.0,5502,34713,0,0,0.0
20140925,81612.0,81612.0,79475.0,80200.0,7272,34309,0,0,0.0
20140926,80273.0,80923.0,77727.0,78307.0,6665,34476,0,0,0.0
20140929,77860.0,79275.0,77777.0,78876.0,4988,33941,0,0,0.0
20140930,78944.0,79275.0,76663.0,77442.0,6292,33731,0,0,0.0
20141001,77381.0,78471.0,76318.0,78381.0,5432,33996,0,0,0.0
20141002,77925.0,78666.0,76728.0,76792.0,4268,33596,0,0,0.0
20141003,76891.0,77312.0,75154.0,75383.0,7425,33448,0,0,0.0
20141006,75542.0,76817.0,73431.0,76537.0,4860,33132,0,0,0.0
20141007,76746.0,78925.0,76713.0,78625.0,6194,32760,0,0,0.0
20141008,78574.0,80434.0,78396.0,79569.0,5390,32866,0,0,0.0
20141009,80387.0,81198.0,79375.0,79974.0,5737,32702,0,0,0.0
20141010,79553.0,79580.0,78026.0,78430.0,4980,32719,0,0,0.0
20141013,78514.0,79310.0,78121.0,78520.0,3022,32787,0,0,0.0
20141014,78359.0,79625.0,78361.0,79434.0,2874,32647,0,0,0.0
20141015,79173.0,79175.0,76128.0,76352.0,8451,32241,0,0,0.0
20141016,76586.0,77052.0,72926.0,74529.0,12216,32122,0,0,0.0
20141017,74128.0,76028.0,73955.0,75598.0,5592,31516,0,0,0.0
20141020,75327.0,76398.0,75299.0,76157.0,3224,31286,0,0,0.0
20141021,76211.0,77687.0,75843.0,77526.0,3601,30768,0,0,0.0
20141022,77510.0,78326.0,76777.0,77596.0,3470,30424,0,0,0.0
20141023,76896.0,78211.0,76377.0,77856.0,4202,30905,0,0,0.0
20141024,78125.0,78925.0,77726.0,78016.0,3122,30702,0,0,0.0
20141027,77905.0,78795.0,77646.0,78640.0,2956,30809,0,0,0.0
20141028,78509.0,80119.0,77931.0,79259.0,3664,30938,0,0,0.0
20141029,79413.0,80224.0,79075.0,79993.0,3744,30097,0,0,0.0
20141030,79458.0,79470.0,77432.0,77995.0,5403,30258,0,0,0.0
20141031,77845.0,79530.0,76987.0,79104.0,5514,30400,0,0,0.0
20141103,79274.0,80824.0,78745.0,80363.0,5255,29836,0,0,0.0
20141104,80288.0,80469.0,78225.0,78989.0,5786,29551,0,0,0.0
20141105,78570.0,78681.0,75438.0,75712.0,7920,29330,0,0,0.0
20141106,75888.0,76128.0,74574.0,75188.0,5822,29195,0,0,0.0
20141107,75079.0,77637.0,74719.0,77181.0,6422,28294,0,0,0.0
20141110,77032.0,77577.0,76028.0,76552.0,6736,27161,0,0,0.0
20141111,76123.0,77402.0,75429.0,77196.0,4533,26674,0,0,0.0
20141112,77197.0,78301.0,76893.0,77291.0,7869,24626,0,0,0.0
20141113,77327.0,77941.0,76339.0,77011.0,6934,23053,0,0,0.0
20141114,76862.0,77317.0,75080.0,77061.0,9066,21802,0,0,0.0
20141117,76927.0,77507.0,76089.0,76796.0,5564,20535,0,0,0.0
20141118,76977.0,77712.0,76479.0,77595.0,3629,20220,0,0,0.0
20141119,77292.0,77927.0,76239.0,76921.0,11583,17651,0,0,0.0
20141120,76328.0,77213.0,76104.0,76641.0,12760,13722,201503,201503,0.0
20141121,76907.0,79261.0,76773.0,79229.0,13051,23303,0,0,325.0
20141124,79026.0,79734.0,78390.0,78766.0,15040,26551,0,0,0.0
20141125,78832.0,79639.0,78743.0,79283.0,18197,30231,0,0,0.0
20141126,79116.0,80097.0,78753.0,79845.0,8220,30787,0,0,0.0
20141128,80011.0,81201.0,78952.0,80920.0,7498,30905,0,0,0.0
20141201,80832.0,80843.0,78733.0,80403.0,6449,31046,0,0,0.0
20141202,80136.0,80788.0,79211.0,79970.0,4001,31059,0,0,0.0
20141203,79882.0,81062.0,78997.0,79353.0,3934,31234,0,0,0.0
20141204,79171.0,80356.0,79171.0,79811.0,2945,30983,0,0,0.0
20141205,79430.0,80252.0,79241.0,79866.0,2428,31112,0,0,0.0
20141208,79922.0,80366.0,79241.0,79378.0,2615,31201,0,0,0.0
20141209,79589.0,80859.0,79176.0,80751.0,4194,31345,0,0,0.0
20141210,80445.0,81839.0,80405.0,81726.0,4995,31146,0,0,0.0
20141211,80982.0,81889.0,80962.0,81547.0,4321,31469,0,0,0.0
20141212,81614.0,81625.0,80733.0,81244.0,2243,31426,0,0,0.0
20141215,81062.0,81346.0,79201.0,79851.0,3243,31498,0,0,0.0
20141216,79306.0,80356.0,77749.0,78005.0,5499,31431,0,0,0.0
20141217,77625.0,78898.0,77102.0,77532.0,4374,31624,0,0,0.0
20141218,77431.0,79132.0,77430.0,78815.0,3553,31297,0,0,0.0
20141219,79013.0,80356.0,78425.0,80103.0,3132,31411,0,0,0.0
20141222,80232.0,81316.0,79952.0,81113.0,3452,31696,0,0,0.0
20141223,80824.0,81197.0,80290.0,80994.0,2474,31973,0,0,0.0
20141224,80695.0,81132.0,80056.0,80372.0,993,32090,0,0,0.0
20141226,80163.0,81510.0,80160.0,81447.0,1134,32029,0,0,0.0
20141229,81436.0,81490.0,80414.0,80790.0,2460,32443,0,0,0.0
20141231,80163.0,80346.0,79091.0,79437.0,2022,32606,0,0,0.0
20150102,79317.0,79888.0,78723.0,79084.0,2307,32593,0,0,0.0
20150105,79615.0,80107.0,78798.0,78920.0,3890,32121,0,0,0.0
20150106,78993.0,80595.0,78992.0,79636.0,4747,31773,0,0,0.0
20150107,79819.0,80043.0,78176.0,78845.0,5427,32058,0,0,0.0
20150108,78779.0,79302.0,78216.0,78910.0,3137,32149,0,0,0.0
20150109,78804.0,79949.0,78699.0,79611.0,3028,31976,0,0,0.0
20150112,79908.0,81088.0,79639.0,80999.0,4011,32227,0,0,0.0
20150113,80644.0,81590.0,80360.0,81158.0,5106,32118,0,0,0.0
20150114,81345.0,81356.0,76226.0,77671.0,9987,31883,0,0,0.0
20150115,77271.0,78605.0,76117.0,76248.0,8640,31922,0,0,0.0
20150116,76485.0,77113.0,74217.0,75049.0,8540,32131,0,0,0.0
20150120,75117.0,77934.0,74754.0,77482.0,8890,32547,0,0,0.0
20150121,77107.0,77909.0,76037.0,76437.0,3324,32623,0,0,0.0
20150122,76435.0,77347.0,75430.0,76840.0,3452,32587,0,0,0.0
20150123,77310.0,77342.0,75813.0,77019.0,3475,32784,0,0,0.0
20150126,77390.0,77859.0,75410.0,77790.0,4785,32075,0,0,0.0
20150127,77683.0,78108.0,76922.0,77681.0,2851,31867,0,0,0.0
20150128,77613.0,79416.0,77146.0,79228.0,5225,31500,0,0,0.0
20150129,79175.0,79242.0,76350.0,76770.0,5329,31705,0,0,0.0
20150130,76961.0,78008.0,76629.0,76850.0,3596,31196,0,0,0.0
20150202,76712.0,78466.0,76331.0,78402.0,4248,31158,0,0,0.0
20150203,78304.0,79302.0,77973.0,78203.0,5031,30877,0,0,0.0
20150204,78145.0,79501.0,78023.0,78621.0,3741,30589,0,0,0.0
20150205,78826.0,79312.0,78088.0,79168.0,3752,30595,0,0,0.0
20150206,78796.0,79352.0,77700.0,77735.0,4555,29839,0,0,0.0
20150209,77896.0,78357.0,77203.0,77571.0,5584,28592,0,0,0.0
20150210,77548.0,78009.0,75969.0,76183.0,6838,27586,0,0,0.0
20150211,76653.0,77666.0,76093.0,76268.0,5787,26348,0,0,0.0
20150212,76603.0,77537.0,76451.0,76974.0,5787,25046,0,0,0.0
20150213,77115.0,79104.0,76854.0,79043.0,6635,23835,0,0,0.0
20150217,78717.0,79044.0,77227.0,77929.0,6899,22481,0,0,0.0
20150218,77812.0,78109.0,77142.0,77267.0,8076,20265,0,0,0.0
20150219,77240.0,78611.0,77122.0,78282.0,12550,16724,201506,201506,0.0
20150220,78275.0,78521.0,77371.0,77670.0,10354,20965,0,0,20.0
20150223,77633.0,78461.0,77162.0,78341.0,11237,24210,0,0,0.0
20150224,78160.0,79540.0,77993.0,78729.0,11422,26699,0,0,0.0
20150225,78861.0,80575.0,78794.0,80500.0,17061,30561,0,0,0.0
20150226,80472.0,81232.0,80256.0,80674.0,10908,31718,0,0,0.0
20150227,80616.0,81570.0,80002.0,81515.0,4438,32237,0,0,0.0
20150302,81437.0,82923.0,80972.0,82669.0,6899,32316,0,0,0.0
20150303,82496.0,82853.0,81708.0,82724.0,4528,32474,0,0,0.0
20150304,82605.0,82823.0,81668.0,82625.0,4047,32695,0,0,0.0
20150305,82406.0,82714.0,81758.0,82068.0,2995,32883,0,0,0.0
20150306,82212.0,82565.0,80803.0,81382.0,5025,32998,0,0,0.0
20150309,81386.0,82470.0,81360.0,81859.0,2568,33151,0,0,0.0
20150310,81779.0,82042.0,79669.0,79984.0,5697,32482,0,0,0.0
20150311,79914.0,80406.0,78301.0,78522.0,3120,31939,0,0,0.0
20150312,78571.0,79531.0,78132.0,78278.0,3132,31643,0,0,0.0
20150313,78700.0,79392.0,78316.0,78452.0,3165,30975,0,0,0.0
20150316,78929.0,79024.0,77476.0,77597.0,3955,30739,0,0,0.0
20150317,77691.0,77870.0,75104.0,75812.0,6690,30794,0,0,0.0
20150318,75886.0,78477.0,75303.0,76061.0,5153,30540,0,0,0.0
20150319,77597.0,78358.0,76094.0,76175.0,3331,30728,0,0,0.0
20150320,76384.0,77642.0,76094.0,77498.0,3329,30553,0,0,0.0
20150323,77488.0,77791.0,76606.0,76662.0,3119,30229,0,0,0.0
20150324,77269.0,77294.0,75895.0,75966.0,3398,30499,0,0,0.0
20150325,75887.0,76573.0,75761.0,76135.0,2695,30595,0,0,0.0
20150326,75957.0,77523.0,75806.0,76926.0,3745,30322,0,0,0.0
20150327,76628.0,76737.0,73414.0,73708.0,9437,31063,0,0,0.0
20150330,73450.0,74310.0,71912.0,72514.0,7102,30828,0,0,0.0
20150331,72634.0,73549.0,71957.0,73141.0,5214,30613,0,0,0.0
20150401,72982.0,74603.0,72887.0,74489.0,4828,30944,0,0,0.0
20150402,74449.0,75100.0,73663.0,74235.0,3134,31067,0,0,0.0
20150406,74394.0,77393.0,74275.0,76473.0,3990,30113,0,0,0.0
20150407,76383.0,77338.0,76055.0,76493.0,4833,30053,0,0,0.0
20150408,76527.0,76895.0,74757.0,75170.0,4835,30065,0,0,0.0
20150409,75075.0,76049.0,74807.0,75836.0,2800,29656,0,0,0.0
20150410,75677.0,77491.0,75638.0,77194.0,2800,29656,0,0,0.0
20150413,77378.0,78386.0,76105.0,76731.0,4517,29510,0,0,0.0
20150414,76523.0,76670.0,75095.0,75846.0,3310,29507,0,0,0.0
20150415,76026.0,77093.0,75448.0,76304.0,2028,29091,0,0,0.0
20150416,76722.0,77939.0,76388.0,77562.0,3304,29319,0,0,0.0
20150417,77577.0,78183.0,77293.0,77880.0,2605,29120,0,0,0.0
20150420,77821.0,78337.0,76035.0,76831.0,3226,28887,0,0,0.0
20150421,76707.0,77491.0,76393.0,77045.0,2772,29036,0,0,0.0
20150422,76483.0,76969.0,75095.0,75190.0,4305,28773,0,0,0.0
20150423,75235.0,77267.0,75095.0,76583.0,3213,29321,0,0,0.0
20150424,76419.0,77362.0,76413.0,76618.0,2179,28863,0,0,0.0
20150427,76588.0,78133.0,76289.0,77832.0,4132,28943,0,0,0.0
20150428,77379.0,77835.0,76672.0,77703.0,2417,28918,0,0,0.0
20150429,77200.0,78089.0,76811.0,78061.0,2302,28978,0,0,0.0
20150430,77702.0,78034.0,76488.0,77240.0,3338,28814,0,0,0.0
20150501,77230.0,77691.0,76637.0,76966.0,1881,28618,0,0,0.0
20150504,76952.0,77989.0,76796.0,77851.0,2197,28596,0,0,0.0
20150505,77598.0,79382.0,77358.0,79074.0,5607,28297,0,0,0.0
20150506,79005.0,79263.0,78378.0,78845.0,2465,27932,0,0,0.0
20150507,78771.0,78989.0,77443.0,78159.0,3612,27778,0,0,0.0
20150508,77553.0,79879.0,77463.0,79810.0,4861,26776,0,0,0.0
20150511,79567.0,79814.0,76687.0,77632.0,6098,26173,0,0,0.0
20150512,77652.0,78581.0,77657.0,78100.0,3753,25520,0,0,0.0
20150513,78159.0,78929.0,77821.0,78523.0,3915,24318,0,0,0.0
20150514,78179.0,78596.0,77135.0,77538.0,4099,23483,0,0,0.0
20150515,77552.0,79153.0,77558.0,79075.0,3661,22586,0,0,0.0
20150518,78905.0,79437.0,77951.0,78881.0,2471,21838,0,0,0.0
20150519,78209.0,78407.0,77056.0,77105.0,3974,21220,0,0,0.0
20150520,77060.0,78278.0,76882.0,77274.0,4284,20560,0,0,0.0
20150521,77363.0,77711.0,76967.0,77199.0,5168,18945,201509,201509,0.0
20150522,77686.0,78064.0,76504.0,77980.0,3647,15776,0,0,155.0
20150526,77731.0,78441.0,77219.0,77553.0,7889,18454,0,0,0.0
20150527,77458.0,78257.0,77383.0,77990.0,6367,23291,0,0,0.0
20150528,77910.0,78411.0,77562.0,77990.0,5007,26425,0,0,0.0
20150529,77806.0,78183.0,77051.0,77146.0,3758,28195,0,0,0.0
20150601,77240.0,77428.0,76644.0,76714.0,4067,28390,0,0,0.0
20150602,76868.0,77125.0,75939.0,76297.0,3451,28494,0,0,0.0
20150603,76342.0,76440.0,74673.0,75250.0,4770,28752,0,0,0.0
20150604,75151.0,75551.0,74767.0,74982.0,3062,29639,0,0,0.0
20150605,74943.0,75238.0,74152.0,74550.0,3213,30195,0,0,0.0
20150608,74357.0,74905.0,73656.0,73835.0,2794,30636,0,0,0.0
20150609,73935.0,74706.0,73408.0,73453.0,3535,31187,0,0,0.0
20150610,73528.0,74319.0,73334.0,73810.0,3512,31825,0,0,0.0
20150611,73836.0,74185.0,73220.0,73745.0,2569,32622,0,0,0.0
20150612,74020.0,74135.0,73061.0,73278.0,2821,32511,0,0,0.0
20150615,73057.0,73465.0,72714.0,72881.0,3268,32652,0,0,0.0
20150616,72858.0,73564.0,72654.0,72747.0,2271,33002,0,0,0.0
20150617,72769.0,72819.0,71254.0,71511.0,4798,33250,0,0,0.0
20150618,71737.0,72174.0,71130.0,71342.0,4574,33927,0,0,0.0
20150619,71593.0,71603.0,70018.0,70225.0,3861,34614,0,0,0.0
20150622,70054.0,70362.0,68544.0,69039.0,5911,34139,0,0,0.0
20150623,68977.0,69890.0,68743.0,69069.0,4037,34163,0,0,0.0
20150624,69121.0,69880.0,68842.0,69064.0,3205,34104,0,0,0.0
20150625,69032.0,69389.0,66509.0,67441.0,6238,34474,0,0,0.0
20150626,67250.0,67607.0,66360.0,67367.0,4168,35182,0,0,0.0
20150629,66932.0,67701.0,66032.0,66161.0,3721,35184,0,0,0.0
20150630,66088.0,67026.0,65918.0,66776.0,3486,35655,0,0,0.0
20150701,66966.0,69716.0,66841.0,69610.0,6476,35961,0,0,0.0
20150702,69284.0,69771.0,68395.0,68910.0,5205,35154,0,0,0.0
20150706,68768.0,68778.0,66018.0,67123.0,3924,35320,0,0,0.0
20150707,67547.0,67880.0,63621.0,64765.0,7508,35233,0,0,0.0
20150708,64520.0,65075.0,62465.0,64874.0,6228,34695,0,0,0.0
20150709,64793.0,65954.0,63125.0,63335.0,4847,34724,0,0,0.0
20150710,63552.0,65026.0,63135.0,64561.0,3818,34329,0,0,0.0
20150713,64564.0,66277.0,63631.0,65415.0,5220,34093,0,0,0.0
20150714,65413.0,66044.0,64644.0,65231.0,3734,34014,0,0,0.0
20150715,64857.0,65508.0,63234.0,63821.0,4441,34113,0,0,0.0
20150716,63725.0,64312.0,62058.0,62734.0,3637,34320,0,0,0.0
20150717,62559.0,62575.0,60921.0,61448.0,3395,34458,0,0,0.0
20150720,61393.0,61404.0,59065.0,60758.0,4838,34449,0,0,0.0
20150721,60152.0,62585.0,59497.0,62485.0,4646,34065,0,0,0.0
20150722,62147.0,62535.0,60787.0,62217.0,3851,33968,0,0,0.0
20150723,62291.0,63687.0,60906.0,61334.0,3679,33658,0,0,0.0
20150724,61318.0,62337.0,60554.0,61806.0,2987,33705,0,0,0.0
20150727,61621.0,62699.0,60678.0,60863.0,3602,33874,0,0,0.0
20150728,60847.0,61865.0,60728.0,61707.0,2095,34233,0,0,0.0
20150729,61467.0,62247.0,60847.0,61111.0,2629,34022,0,0,0.0
20150730,61656.0,61984.0,61150.0,61602.0,2519,34135,0,0,0.0
20150731,61527.0,61641.0,60217.0,60639.0,3513,34173,0,0,0.0
20150803,60549.0,62202.0,58817.0,59880.0,5850,34625,0,0,0.0
20150804,59159.0,59963.0,58226.0,59423.0,5391,34818,0,0,0.0
20150805,59303.0,59511.0,58568.0,58867.0,2659,33478,0,0,0.0
20150806,58757.0,59814.0,58762.0,59542.0,2844,33150,0,0,0.0
20150807,59219.0,60261.0,59194.0,59254.0,3218,32457,0,0,0.0
20150810,59254.0,61105.0,58866.0,60177.0,4496,32063,0,0,0.0
20150811,60475.0,61651.0,59288.0,59487.0,5688,31144,0,0,0.0
20150812,59378.0,62227.0,59075.0,61855.0,6242,30796,0,0,0.0
20150813,62187.0,62197.0,60862.0,61120.0,4564,30163,0,0,0.0
20150814,60902.0,61929.0,60683.0,61299.0,3554,29040,0,0,0.0
20150817,61160.0,61522.0,60440.0,60932.0,3166,28179,0,0,0.0
20150818,60793.0,60996.0,58489.0,59264.0,4645,27647,0,0,0.0
20150819,59160.0,60907.0,58544.0,60530.0,5223,26652,0,0,0.0
20150820,60674.0,61979.0,60490.0,61870.0,6547,24997,201512,201512,0.0
20150821,61964.0,62048.0,59482.0,60009.0,3335,12469,0,0,-10.0
20150824,59621.0,59958.0,56022.0,57095.0,6432,14658,0,0,0.0
20150825,57084.0,57173.0,52448.0,53531.0,9169,18371,0,0,0.0
20150826,53426.0,54313.0,51549.0,52523.0,5605,22529,0,0,0.0
20150827,52915.0,56483.0,52815.0,56385.0,8977,24284,0,0,0.0
20150828,56022.0,58777.0,55506.0,58594.0,8508,26796,0,0,0.0
20150831,58588.0,60073.0,57492.0,59795.0,4358,28358,0,0,0.0
20150901,59516.0,59527.0,56494.0,57506.0,4106,28337,0,0,0.0
20150902,56821.0,58350.0,56395.0,57918.0,3962,28302,0,0,0.0
20150903,58017.0,58797.0,56842.0,57739.0,3075,27889,0,0,0.0
20150904,57178.0,57893.0,56718.0,57302.0,2434,27643,0,0,0.0
20150908,57262.0,59427.0,56802.0,58235.0,3955,27436,0,0,0.0
20150909,58563.0,59079.0,57130.0,57381.0,2895,27276,0,0,0.0
20150910,57352.0,58955.0,56961.0,58826.0,2435,27353,0,0,0.0
20150911,58648.0,59278.0,57249.0,58677.0,3807,27332,0,0,0.0
20150914,58876.0,59457.0,57865.0,58359.0,2576,27439,0,0,0.0
20150915,58320.0,59958.0,57453.0,59615.0,3461,27636,0,0,0.0
20150916,59745.0,60867.0,58977.0,60757.0,2913,27455,0,0,0.0
20150917,60500.0,61393.0,59017.0,59491.0,3539,27300,0,0,0.0
20150918,60619.0,60802.0,59772.0,60648.0,2605,27043,0,0,0.0
20150921,60316.0,61452.0,59673.0,61169.0,2694,26924,0,0,0.0
20150922,60966.0,61164.0,58938.0,60658.0,4659,26820,0,0,0.0
20150923,60405.0,64639.0,60268.0,64108.0,8302,26920,0,0,0.0
20150924,64317.0,65831.0,63286.0,65175.0,7317,26528,0,0,0.0
20150925,64779.0,67320.0,64636.0,66282.0,4775,26156,0,0,0.0
20150928,66114.0,66541.0,63941.0,64718.0,4257,26035,0,0,0.0
20150929,64238.0,65498.0,63365.0,65299.0,3315,26293,0,0,0.0
20150930,65385.0,66456.0,64303.0,64629.0,4240,26351,0,0,0.0
20151001,64899.0,67772.0,64591.0,67454.0,6311,26429,0,0,0.0
20151002,67212.0,69564.0,66994.0,69261.0,5587,26281,0,0,0.0
20151005,69471.0,70820.0,67982.0,68427.0,4920,25926,0,0,0.0
20151006,69084.0,70974.0,68096.0,70264.0,5069,26095,0,0,0.0
20151007,70385.0,70895.0,68607.0,69450.0,3412,25848,0,0,0.0
20151008,69496.0,70399.0,68180.0,69812.0,3558,25462,0,0,0.0
20151009,69963.0,71983.0,69659.0,70308.0,4684,25400,0,0,0.0
20151012,70306.0,71263.0,68706.0,68968.0,3996,25319,0,0,0.0
20151013,69070.0,69406.0,67624.0,68045.0,4362,24751,0,0,0.0
20151014,67913.0,69952.0,67738.0,69584.0,3580,24576,0,0,0.0
20151015,69745.0,70300.0,69044.0,69996.0,2382,24696,0,0,0.0
20151016,69869.0,70002.0,68835.0,69440.0,2607,24566,0,0,0.0
20151019,69700.0,69709.0,67217.0,68318.0,3457,24470,0,0,0.0
20151020,68057.0,69505.0,67639.0,68988.0,2454,24573,0,0,0.0
20151021,69015.0,69207.0,66780.0,67231.0,4265,24637,0,0,0.0
20151022,67412.0,68264.0,66289.0,68070.0,2723,24093,0,0,0.0
20151023,68023.0,69882.0,68027.0,68889.0,4147,24184,0,0,0.0
20151026,68882.0,68959.0,67322.0,67901.0,3327,24735,0,0,0.0
20151027,67899.0,68065.0,67019.0,67390.0,2778,24543,0,0,0.0
20151028,67442.0,68760.0,66597.0,68120.0,3444,24621,0,0,0.0
20151029,67273.0,67817.0,66304.0,66601.0,2653,24640,0,0,0.0
20151030,66628.0,68507.0,66552.0,67241.0,2616,24355,0,0,0.0
20151102,67139.0,67147.0,64134.0,64570.0,6170,24092,0,0,0.0
20151103,64166.0,65047.0,63523.0,63940.0,3651,24333,0,0,0.0
20151104,64231.0,64704.0,61656.0,61895.0,4515,24250,0,0,0.0
20151105,62072.0,62698.0,59849.0,60197.0,4353,24846,0,0,0.0
20151106,60121.0,62211.0,59338.0,60857.0,5518,24032,0,0,0.0
20151109,61327.0,61680.0,59075.0,59268.0,4237,23681,0,0,0.0
20151110,59595.0,61154.0,59135.0,59352.0,4332,23234,0,0,0.0
20151111,59074.0,59873.0,57060.0,57287.0,5345,22714,0,0,0.0
20151112,57173.0,57922.0,55367.0,55470.0,4944,22024,0,0,0.0
20151113,55748.0,56120.0,52959.0,53539.0,7952,21464,0,0,0.0
20151116,53613.0,54948.0,53565.0,54760.0,4550,20267,0,0,0.0
20151117,54804.0,55569.0,53302.0,54259.0,5811,20173,0,0,0.0
20151118,53925.0,54745.0,52374.0,52824.0,4555,19471,0,0,0.0
20151119,53285.0,54596.0,52285.0,53713.0,5112,19606,201603,201603,0.0
20151120,53896.0,55996.0,53710.0,55480.0,4391,10015,0,0,40.0
20151123,55989.0,55996.0,53383.0,53754.0,6860,12981,0,0,0.0
20151124,54079.0,54116.0,52991.0,53799.0,6306,18722,0,0,0.0
20151125,53573.0,55768.0,52450.0,54766.0,7710,22830,0,0,0.0
20151127,55012.0,56557.0,54276.0,54632.0,5474,25177,0,0,0.0
20151130,54630.0,54731.0,53577.0,53893.0,2879,25858,0,0,0.0
20151201,53772.0,55068.0,53384.0,53496.0,3288,26115,0,0,0.0
20151202,53812.0,53962.0,51846.0,52167.0,3251,26331,0,0,0.0
20151203,52185.0,53481.0,52015.0,53258.0,3319,26408,0,0,0.0
20151204,53410.0,57003.0,53161.0,56239.0,5923,26554,0,0,0.0
20151207,56456.0,56462.0,54178.0,55108.0,3730,25926,0,0,0.0
20151208,54789.0,55688.0,54272.0,54359.0,3854,25793,0,0,0.0
20151209,54516.0,55192.0,53999.0,54800.0,2666,25531,0,0,0.0
20151210,54824.0,55316.0,53587.0,53798.0,3045,25375,0,0,0.0
20151211,53802.0,54473.0,53587.0,54051.0,2749,25222,0,0,0.0
20151214,53981.0,54711.0,53805.0,54438.0,2647,25254,0,0,0.0
20151215,54095.0,56437.0,54098.0,56249.0,3572,24901,0,0,0.0
20151216,56253.0,56928.0,55720.0,56745.0,2948,24225,0,0,0.0
20151217,56749.0,56754.0,54693.0,55306.0,3423,23693,0,0,0.0
20151218,55112.0,55866.0,54073.0,55455.0,2552,23684,0,0,0.0
20151221,55687.0,55762.0,54599.0,54904.0,2679,23649,0,0,0.0
20151222,54635.0,55474.0,54569.0,55028.0,1354,23560,0,0,0.0
20151223,55344.0,55663.0,54514.0,54884.0,1746,23432,0,0,0.0
20151228,55547.0,56050.0,54668.0,54760.0,1963,23559,0,0,0.0
20151229,54684.0,55475.0,54623.0,55197.0,1651,23673,0,0,0.0
20151230,55334.0,55857.0,53636.0,54463.0,2581,23783,0,0,0.0
20151231,53925.0,55887.0,53929.0,55758.0,2018,24217,0,0,0.0
20160104,55835.0,55892.0,53408.0,53992.0,4784,24115,0,0,0.0
20160105,53419.0,54438.0,52986.0,53154.0,3586,24363,0,0,0.0
20160106,53196.0,53436.0,49915.0,50108.0,6995,24643,0,0,0.0
20160107,50443.0,50732.0,48030.0,48912.0,7381,25715,0,0,0.0
20160108,49009.0,50157.0,48476.0,48972.0,3475,25961,0,0,0.0
20160111,49138.0,49269.0,46933.0,47057.0,4017,26037,0,0,0.0
20160112,47620.0,47791.0,44795.0,46611.0,5422,26550,0,0,0.0
20160113,46449.0,49607.0,46358.0,48283.0,6323,26053,0,0,0.0
20160114,48096.0,49116.0,47524.0,48739.0,4201,25777,0,0,0.0
20160115,48825.0,49483.0,47901.0,48322.0,3888,25255,0,0,0.0
20160119,49108.0,50202.0,48452.0,49299.0,5082,25282,0,0,0.0
20160120,49063.0,49240.0,47956.0,48515.0,4041,24967,0,0,0.0
20160121,49023.0,49741.0,48824.0,49507.0,3454,25384,0,0,0.0
20160122,49623.0,50515.0,49261.0,49591.0,3589,24815,0,0,0.0
20160125,49623.0,49845.0,48527.0,48728.0,3489,24390,0,0,0.0
20160126,48611.0,49795.0,48413.0,48887.0,3280,24536,0,0,0.0
20160127,49162.0,50008.0,48855.0,49830.0,2633,24361,0,0,0.0
20160128,49603.0,50167.0,48652.0,48813.0,3288,24234,0,0,0.0
20160129,48909.0,49909.0,48865.0,49458.0,3764,24443,0,0,0.0
20160201,49465.0,50271.0,49133.0,49840.0,3975,23928,0,0,0.0
20160202,50100.0,50137.0,48657.0,48744.0,3557,23708,0,0,0.0
20160203,48944.0,51233.0,48578.0,51150.0,5622,23922,0,0,0.0
20160204,50621.0,51382.0,50205.0,51155.0,4235,23475,0,0,0.0
20160205,51157.0,51496.0,49411.0,49478.0,5124,23554,0,0,0.0
20160208,49947.0,51516.0,49024.0,51403.0,6439,23591,0,0,0.0
20160209,51291.0,51516.0,50701.0,51279.0,4379,22197,0,0,0.0
20160210,51167.0,52116.0,50364.0,52058.0,6556,21443,0,0,0.0
20160211,51837.0,52726.0,51619.0,52033.0,4977,20011,0,0,0.0
20160212,52229.0,52691.0,51664.0,52286.0,3409,19854,0,0,0.0
20160216,52060.0,52066.0,50225.0,50560.0,5706,18966,0,0,0.0
20160217,50651.0,51247.0,50433.0,51185.0,3537,18303,0,0,0.0
20160218,51058.0,51416.0,49247.0,50089.0,4059,18018,0,0,0.0
20160219,50041.0,50146.0,49321.0,49514.0,4734,16742,201606,201606,0.0
20160222,49604.0,49908.0,49222.0,49464.0,3346,13311,0,0,70.0
20160223,49376.0,49809.0,49044.0,49573.0,6736,15988,0,0,0.0
20160224,49728.0,49740.0,48078.0,48305.0,7447,19671,0,0,0.0
20160225,48247.0,49007.0,47602.0,47909.0,7153,22151,0,0,0.0
20160226,48009.0,48982.0,47656.0,47800.0,5155,24612,0,0,0.0
20160229,48212.0,49463.0,47864.0,49108.0,3657,25679,0,0,0.0
20160301,49010.0,51846.0,48671.0,51258.0,6577,25503,0,0,0.0
20160302,51165.0,51747.0,50484.0,51055.0,3224,24630,0,0,0.0
20160303,51219.0,53922.0,50796.0,53720.0,7875,24566,0,0,0.0
20160304,53621.0,55869.0,53005.0,55781.0,6293,23452,0,0,0.0
20160307,55062.0,57415.0,54739.0,57228.0,5384,23105,0,0,0.0
20160308,57261.0,57633.0,55324.0,56163.0,4739,22743,0,0,0.0
20160309,55503.0,56617.0,54462.0,56094.0,4111,22703,0,0,0.0
20160310,56172.0,57068.0,55398.0,56867.0,3149,22553,0,0,0.0
20160311,56667.0,58054.0,56423.0,57461.0,3341,22313,0,0,0.0
20160314,57286.0,57296.0,55977.0,56753.0,3538,22040,0,0,0.0
20160315,56687.0,56726.0,55397.0,56545.0,3497,21698,0,0,0.0
20160316,56360.0,57965.0,55882.0,57219.0,3687,21402,0,0,0.0
20160317,57653.0,59352.0,57363.0,59230.0,4210,21481,0,0,0.0
20160318,58956.0,59193.0,57952.0,58462.0,2516,21692,0,0,0.0
20160321,58540.0,59892.0,57972.0,59740.0,3181,21581,0,0,0.0
20160322,59719.0,60259.0,59324.0,60003.0,2727,21701,0,0,0.0
20160323,60135.0,60244.0,57471.0,57774.0,3879,21772,0,0,0.0
20160324,57757.0,58064.0,56490.0,56739.0,4104,21889,0,0,0.0
20160328,56766.0,57920.0,56074.0,56179.0,2483,21917,0,0,0.0
20160329,56266.0,57400.0,55024.0,56793.0,3435,21944,0,0,0.0
20160330,57217.0,57400.0,55802.0,56114.0,2499,21995,0,0,0.0
20160331,55998.0,57063.0,55678.0,55881.0,2861,21668,0,0,0.0
20160401,55899.0,56979.0,55183.0,55574.0,3516,21575,0,0,0.0
20160404,55612.0,56058.0,54489.0,54732.0,3171,21489,0,0,0.0
20160405,54725.0,55736.0,53597.0,53865.0,3920,21604,0,0,0.0
20160406,54190.0,55186.0,53201.0,53300.0,4365,21984,0,0,0.0
20160407,53863.0,53982.0,52805.0,52889.0,3656,22312,0,0,0.0
20160408,53170.0,53903.0,52964.0,53370.0,3396,22498,0,0,0.0
20160411,53943.0,54854.0,53553.0,54049.0,4042,22499,0,0,0.0
20160412,54210.0,55052.0,53622.0,53915.0,3296,22459,0,0,0.0
20160413,54096.0,54636.0,53265.0,53752.0,3639,22936,0,0,0.0
20160414,54007.0,56281.0,53012.0,55575.0,5191,23244,0,0,0.0
20160415,55850.0,56593.0,55434.0,56303.0,3024,23059,0,0,0.0
20160418,56435.0,56479.0,55627.0,56278.0,2524,22933,0,0,0.0
20160419,56217.0,58104.0,55870.0,57680.0,3940,22718,0,0,0.0
20160420,57867.0,59392.0,57529.0,59156.0,4738,22611,0,0,0.0
20160421,59091.0,61220.0,58639.0,60444.0,6561,22368,0,0,0.0
20160422,59973.0,61339.0,59650.0,60063.0,5830,21836,0,0,0.0
20160425,60037.0,60348.0,58947.0,60004.0,3198,21211,0,0,0.0
20160426,59983.0,60497.0,58749.0,59895.0,3895,20790,0,0,0.0
20160427,59919.0,61037.0,59393.0,60405.0,3621,20352,0,0,0.0
20160428,60568.0,62186.0,60245.0,61861.0,4116,20139,0,0,0.0
20160429,61896.0,63028.0,61686.0,62188.0,4638,19959,0,0,0.0
20160502,62099.0,62597.0,61141.0,61901.0,3271,19705,0,0,0.0
20160503,61698.0,62027.0,59482.0,60326.0,4881,19517,0,0,0.0
20160504,60212.0,60352.0,58808.0,59097.0,4592,18696,0,0,0.0
20160505,59296.0,60436.0,59145.0,59518.0,3165,18417,0,0,0.0
20160506,59638.0,60342.0,59234.0,60162.0,4177,18390,0,0,0.0
20160509,59767.0,60164.0,57064.0,57873.0,6573,18228,0,0,0.0
20160510,57701.0,59233.0,57327.0,58676.0,4268,17876,0,0,0.0
20160511,59212.0,60690.0,58877.0,60246.0,4288,17627,0,0,0.0
20160512,60470.0,60740.0,58827.0,59116.0,3769,17323,0,0,0.0
20160513,58870.0,59605.0,58292.0,58695.0,2523,17153,0,0,0.0
20160516,58751.0,59258.0,58257.0,58556.0,3431,16948,0,0,0.0
20160517,58652.0,59055.0,57638.0,57922.0,4379,16266,0,0,0.0
20160518,57785.0,58119.0,56751.0,57427.0,4281,15423,0,0,0.0
20160519,56774.0,57247.0,55146.0,55331.0,6421,14765,201609,201609,0.0
20160520,55219.0,56182.0,55131.0,55381.0,2162,11459,0,0,140.0
20160523,55422.0,55619.0,54232.0,54492.0,3442,12944,0,0,0.0
20160524,54513.0,54537.0,52567.0,53252.0,5787,14628,0,0,0.0
20160525,52690.0,53346.0,51732.0,52466.0,5936,16671,0,0,0.0
20160526,52537.0,54068.0,52532.0,53731.0,6070,19206,0,0,0.0
20160527,53609.0,54656.0,52764.0,53271.0,4175,20887,0,0,0.0
