Date,Open,High,Low,Close,Volume,OI,P,R,RINFO
20140603,124030.2,124248.6,123270.0,123845.4,116591,117851,0,0,0.0
20140604,123745.0,124463.0,123165.0,123278.0,122434,116294,0,0,0.0
20140605,123207.0,124371.0,122648.0,124164.0,96504,111816,0,0,0.0
20140606,124295.0,124652.0,123370.0,123437.0,120409,103360,0,0,0.0
20140609,123690.0,125454.0,123446.0,125361.0,133705,100127,0,0,0.0
20140610,125446.0,125987.0,124089.0,124928.0,132655,94596,201408,201408,0.0
20140611,125081.0,126004.0,125080.0,125835.0,148011,62439,0,0,-1264.2
20140612,125870.0,129233.0,125869.0,129136.0,173499,69151,0,0,0.0
20140613,129167.0,130357.0,127893.0,128271.0,153296,73298,0,0,0.0
20140616,128458.0,129233.0,128067.0,128996.0,101769,80381,0,0,0.0
20140617,129145.0,130009.0,128449.0,129738.0,99466,84707,0,0,0.0
20140618,129510.0,130382.0,129357.0,130082.0,110521,90070,0,0,0.0
20140619,129968.0,131782.0,129968.0,131215.0,134987,96373,0,0,0.0
20140620,131020.0,131472.0,130778.0,131359.0,116086,100013,0,0,0.0
20140623,131398.0,132337.0,130396.0,130638.0,125595,106353,0,0,0.0
20140624,130677.0,131539.0,130175.0,131372.0,149751,110380,0,0,0.0
20140625,131343.0,131518.0,129708.0,130269.0,165296,113331,0,0,0.0
20140626,130431.0,130669.0,129644.0,129874.0,108787,114766,0,0,0.0
20140627,129824.0,130898.0,129652.0,130426.0,139952,118919,0,0,0.0
20140630,130320.0,130338.0,128876.0,129115.0,99576,118408,0,0,0.0
20140701,129162.0,129562.0,128265.0,128831.0,114085,116493,0,0,0.0
20140702,128742.0,129044.0,127739.0,128296.0,141015,117797,0,0,0.0
20140703,128059.0,128467.0,127731.0,128118.0,102869,116897,0,0,0.0
20140707,127817.0,128331.0,126467.0,126811.0,142887,108105,0,0,0.0
20140708,126604.0,126889.0,125669.0,126128.0,121713,102465,0,0,0.0
20140709,126057.0,126045.0,124528.0,124635.0,146143,92569,0,0,0.0
20140710,124542.0,125672.0,124201.0,125479.0,145780,81140,201409,201409,0.0
20140711,125683.0,125672.0,123140.0,123485.0,149657,90472,0,0,-1243.2
20140714,123553.0,124374.0,123264.0,124149.0,111454,91768,0,0,0.0
20140715,124213.0,124203.0,121687.0,122932.0,181792,97132,0,0,0.0
20140716,123124.0,123719.0,122351.0,122405.0,147848,99256,0,0,0.0
20140717,122447.0,122926.0,121699.0,122426.0,153942,95319,0,0,0.0
20140718,122854.0,122900.0,121330.0,121509.0,92822,95875,0,0,0.0
20140721,121397.0,123071.0,121411.0,122722.0,165422,100146,0,0,0.0
20140722,122743.0,123714.0,121510.0,122255.0,133669,102174,0,0,0.0
20140723,121539.0,122411.0,121051.0,121676.0,166280,106952,0,0,0.0
20140724,122015.0,122150.0,120275.0,120570.0,153852,104061,0,0,0.0
20140725,120871.0,121979.0,120451.0,121736.0,128263,102310,0,0,0.0
20140728,121827.0,121953.0,120738.0,121106.0,127447,102453,0,0,0.0
20140729,121180.0,122223.0,121128.0,121950.0,127459,101842,0,0,0.0
20140730,121926.0,122399.0,120022.0,120690.0,143992,103900,0,0,0.0
20140731,120203.0,120599.0,119165.0,119906.0,114016,104482,0,0,0.0
20140801,119504.0,119789.0,117266.0,117626.0,145769,100961,0,0,0.0
20140804,117348.0,117993.0,116276.0,116794.0,130060,97424,0,0,0.0
20140805,116898.0,117226.0,115663.0,116391.0,148197,94312,0,0,0.0
20140806,117429.0,118747.0,116936.0,117428.0,151661,90105,0,0,0.0
20140807,117510.0,119158.0,117150.0,118825.0,152757,77354,0,0,0.0
20140808,118830.0,119839.0,117613.0,118028.0,137615,73795,201410,201410,0.0
20140811,117497.0,118609.0,117283.0,117732.0,99064,81522,0,0,-5086.2
20140812,117815.0,117753.0,116225.0,116781.0,122221,83310,0,0,0.0
20140813,116604.0,117829.0,115624.0,117772.0,154247,86063,0,0,0.0
20140814,117658.0,117748.0,113817.0,113902.0,157676,88636,0,0,0.0
20140815,113676.0,115884.0,113252.0,115458.0,126246,93628,0,0,0.0
20140818,115079.0,115082.0,112960.0,113741.0,146517,97095,0,0,0.0
20140819,113595.0,115320.0,113628.0,114947.0,180035,95582,0,0,0.0
20140820,115294.0,116257.0,114642.0,115463.0,162228,95419,0,0,0.0
20140821,115541.0,116853.0,114691.0,116539.0,146467,96019,0,0,0.0
20140822,116671.0,116723.0,115543.0,116082.0,128720,96022,0,0,0.0
20140825,116061.0,116862.0,115646.0,116373.0,91318,95898,0,0,0.0
20140826,116357.0,117333.0,116000.0,116584.0,128820,98540,0,0,0.0
20140827,116783.0,117145.0,115350.0,116154.0,168048,98537,0,0,0.0
20140828,116146.0,116863.0,115673.0,116167.0,115585,97559,0,0,0.0
20140829,116276.0,117638.0,116310.0,117606.0,92884,100161,0,0,0.0
20140902,117469.0,117952.0,113879.0,114023.0,92884,100161,0,0,0.0
20140903,114088.0,118073.0,114121.0,117476.0,158845,93168,0,0,0.0
20140904,117101.0,118069.0,116386.0,116575.0,156351,89161,0,0,0.0
20140905,116706.0,117719.0,114834.0,115835.0,154601,87553,0,0,0.0
20140908,115903.0,116025.0,113789.0,114871.0,149592,80151,0,0,0.0
20140909,114809.0,115245.0,114009.0,114266.0,126496,75007,0,0,0.0
20140910,114015.0,114640.0,112533.0,113284.0,164032,69443,201411,201411,0.0
20140911,113477.0,113605.0,111928.0,113118.0,128240,80863,0,0,-1696.8
20140912,113226.0,113814.0,112265.0,112694.0,145188,83175,0,0,0.0
20140915,112315.0,113277.0,111622.0,112899.0,125901,85443,0,0,0.0
20140916,112912.0,114625.0,112680.0,114198.0,137306,92016,0,0,0.0
20140917,114352.0,114853.0,113806.0,114549.0,154089,93032,0,0,0.0
20140918,114366.0,114730.0,113177.0,113738.0,172031,92518,0,0,0.0
20140919,113878.0,115163.0,113227.0,115151.0,163993,91939,0,0,0.0
20140922,114912.0,114853.0,112375.0,113470.0,178999,94754,0,0,0.0
20140923,113249.0,114666.0,113287.0,114103.0,178898,97483,0,0,0.0
20140924,114096.0,114848.0,112603.0,114481.0,174151,98659,0,0,0.0
20140925,114488.0,116519.0,114185.0,115734.0,187316,100753,0,0,0.0
20140926,115490.0,115768.0,113132.0,113378.0,157332,101023,0,0,0.0
20140929,113421.0,114834.0,112950.0,114567.0,113008,100229,0,0,0.0
20140930,114364.0,115135.0,110365.0,111063.0,122866,100631,0,0,0.0
20141001,111594.0,113896.0,110830.0,111628.0,159990,97520,0,0,0.0
20141002,111220.0,111665.0,108295.0,109778.0,140671,93244,0,0,0.0
20141003,110136.0,110262.0,107155.0,108384.0,178803,95371,0,0,0.0
20141006,108368.0,110207.0,107597.0,109965.0,143798,92191,0,0,0.0
20141007,110013.0,109966.0,106895.0,107919.0,151797,87643,0,0,0.0
20141008,106951.0,106924.0,104739.0,105645.0,186316,84181,0,0,0.0
20141009,105580.0,105772.0,101685.0,103663.0,169414,78885,201412,201412,0.0
20141010,102035.0,103427.0,101626.0,103349.0,134834,80209,0,0,-1436.4
20141013,103044.0,103358.0,101237.0,102928.0,144936,87044,0,0,0.0
20141014,102230.0,102674.0,98325.0,98944.0,160446,94247,0,0,0.0
20141015,99847.0,99775.0,96732.0,97121.0,143443,96532,0,0,0.0
20141016,97242.0,101537.0,96190.0,99485.0,139651,100325,0,0,0.0
20141017,99500.0,100774.0,99172.0,100147.0,132783,107313,0,0,0.0
20141020,100125.0,100645.0,98473.0,99074.0,142050,109960,0,0,0.0
20141021,99015.0,100081.0,98575.0,99745.0,116869,113491,0,0,0.0
20141022,99492.0,100520.0,97380.0,97575.0,133293,114542,0,0,0.0
20141023,97401.0,100483.0,96861.0,100221.0,136812,118759,0,0,0.0
20141024,99941.0,100039.0,98778.0,99120.0,118205,118105,0,0,0.0
20141027,99224.0,99341.0,97144.0,98759.0,97072,120443,0,0,0.0
20141028,98155.0,99873.0,98088.0,99712.0,105325,121147,0,0,0.0
20141029,99830.0,101968.0,99783.0,100933.0,130861,125328,0,0,0.0
20141030,100871.0,101020.0,99477.0,99980.0,100288,124512,0,0,0.0
20141031,99992.0,100058.0,98009.0,99369.0,96118,123988,0,0,0.0
20141103,99386.0,99966.0,97546.0,97972.0,97507,120617,0,0,0.0
20141104,97632.0,97848.0,95388.0,96140.0,115205,117909,0,0,0.0
20141105,95911.0,98232.0,94837.0,96543.0,123720,115324,0,0,0.0
20141106,97008.0,98722.0,96180.0,98551.0,181331,106471,0,0,0.0
20141107,98558.0,99920.0,98152.0,98787.0,170816,92575,0,0,0.0
20141110,98720.0,100590.0,96870.0,97209.0,141350,84120,201501,201501,0.0
20141111,97082.0,97344.0,95981.0,97130.0,129398,94550,0,0,-596.4
20141112,96956.0,98173.0,96275.0,96948.0,201907,108783,0,0,0.0
20141113,96378.0,96502.0,92112.0,92355.0,212931,118412,0,0,0.0
20141114,92507.0,94524.0,91818.0,94167.0,129350,123068,0,0,0.0
20141117,94380.0,94594.0,92629.0,93547.0,116132,127307,0,0,0.0
20141118,93229.0,94422.0,92634.0,94260.0,146617,131607,0,0,0.0
20141119,93905.0,95688.0,93548.0,94209.0,145573,132369,0,0,0.0
20141120,93966.0,94850.0,93250.0,93860.0,140862,134030,0,0,0.0
20141121,94138.0,96535.0,93665.0,95206.0,193453,133571,0,0,0.0
20141124,95219.0,95646.0,94001.0,94172.0,112367,131967,0,0,0.0
20141125,94040.0,95949.0,93222.0,93734.0,149612,128406,0,0,0.0
20141126,93341.0,94445.0,92970.0,93715.0,106594,124005,0,0,0.0
20141128,93220.0,93309.0,84765.0,85130.0,94398,122961,0,0,0.0
20141201,85258.0,88160.0,82882.0,87617.0,138305,121182,0,0,0.0
20141202,87853.0,88039.0,84215.0,84384.0,180956,118309,0,0,0.0
20141203,84830.0,85521.0,83623.0,84170.0,138489,116334,0,0,0.0
20141204,84173.0,84837.0,83138.0,83602.0,113322,115595,0,0,0.0
20141205,83488.0,83571.0,81861.0,82605.0,124548,108907,0,0,0.0
20141208,82226.0,82244.0,79325.0,79493.0,144140,101376,0,0,0.0
20141209,79328.0,80652.0,78812.0,80285.0,161036,96213,0,0,0.0
20141210,79361.0,79367.0,75987.0,76475.0,199783,84668,201502,201502,0.0
20141211,76761.0,77095.0,75153.0,75432.0,160984,69128,0,0,751.8
20141212,75351.0,75649.0,73927.0,74133.0,122432,72816,0,0,0.0
20141215,73766.0,75396.0,72488.0,73276.0,128839,76904,0,0,0.0
20141216,72817.0,73079.0,70446.0,71613.0,134391,79106,0,0,0.0
20141217,71250.0,75188.0,70451.0,72760.0,139536,83271,0,0,0.0
20141218,72273.0,75432.0,70806.0,70954.0,114617,88365,0,0,0.0
20141219,71337.0,73944.0,70824.0,72543.0,113112,91507,0,0,0.0
20141222,73015.0,74165.0,71055.0,71341.0,127359,94625,0,0,0.0
20141223,71070.0,73548.0,70774.0,73013.0,113739,98029,0,0,0.0
20141224,72807.0,73272.0,70156.0,70428.0,87939,99616,0,0,0.0
20141226,70452.0,71416.0,69801.0,70244.0,42111,99914,0,0,0.0
20141229,70291.0,71218.0,67427.0,67586.0,101761,98873,0,0,0.0
20141231,67540.0,68340.0,65675.0,67821.0,70886,98045,0,0,0.0
20150102,68236.0,69413.0,65873.0,66038.0,101268,92307,0,0,0.0
20150105,66379.0,66337.0,62775.0,63642.0,115780,90924,0,0,0.0
20150106,63370.0,64426.0,61954.0,62393.0,152165,91902,0,0,0.0
20150107,61992.0,62980.0,60446.0,61624.0,156194,90827,0,0,0.0
20150108,61508.0,62308.0,60524.0,61776.0,181208,86064,201503,201503,0.0
20150109,61817.0,62442.0,59390.0,60762.0,190169,77543,0,0,1848.0
20150112,60817.0,60796.0,58133.0,58390.0,159087,85186,0,0,0.0
20150113,58653.0,58838.0,56198.0,58100.0,171904,92394,0,0,0.0
20150114,58332.0,61885.0,56867.0,61479.0,210088,96061,0,0,0.0
20150115,61491.0,64258.0,59217.0,59468.0,179932,101439,0,0,0.0
20150116,59229.0,62237.0,58851.0,61991.0,183413,110091,0,0,0.0
20150120,62183.0,62447.0,59676.0,59798.0,155432,114138,0,0,0.0
20150121,60202.0,61234.0,59368.0,60551.0,136432,121775,0,0,0.0
20150122,60465.0,61890.0,59537.0,60493.0,147033,125067,0,0,0.0
20150123,60746.0,62131.0,60473.0,61188.0,131950,127875,0,0,0.0
20150126,61192.0,61725.0,59818.0,60051.0,117177,126685,0,0,0.0
20150127,60197.0,62332.0,59390.0,61705.0,128860,128189,0,0,0.0
20150128,62192.0,62939.0,61254.0,61388.0,161978,130508,0,0,0.0
20150129,61906.0,62453.0,60634.0,62026.0,145665,130766,0,0,0.0
20150130,62339.0,66115.0,61182.0,65927.0,138277,130257,0,0,0.0
20150202,65730.0,69947.0,64651.0,68860.0,168719,127867,0,0,0.0
20150203,69197.0,72534.0,68886.0,71388.0,175342,126173,0,0,0.0
20150204,70304.0,71084.0,65279.0,66056.0,156519,121057,0,0,0.0
20150205,66841.0,69590.0,65297.0,67977.0,156597,117596,0,0,0.0
20150206,68586.0,70665.0,67968.0,69506.0,184495,108318,0,0,0.0
20150209,69612.0,71660.0,69239.0,70357.0,157240,97694,0,0,0.0
20150210,70420.0,70897.0,68610.0,69202.0,152470,88293,201504,201504,0.0
20150211,69639.0,69974.0,67215.0,68190.0,211508,82321,0,0,10155.6
20150212,68522.0,71010.0,67926.0,70342.0,212282,86968,0,0,0.0
20150213,70821.0,72231.0,70251.0,71566.0,184685,94025,0,0,0.0
20150217,71829.0,72846.0,69844.0,70804.0,192119,94585,0,0,0.0
20150218,70705.0,70902.0,68995.0,69934.0,193434,103287,0,0,0.0
20150219,69500.0,71289.0,67374.0,70792.0,183724,103025,0,0,0.0
20150220,71134.0,72622.0,70160.0,70896.0,192895,105357,0,0,0.0
20150223,71296.0,71969.0,69499.0,70761.0,139984,107660,0,0,0.0
20150224,71026.0,72046.0,69553.0,70160.0,123951,107789,0,0,0.0
20150225,70211.0,74667.0,69353.0,73790.0,207483,108235,0,0,0.0
20150226,74674.0,74926.0,72408.0,73170.0,211263,106763,0,0,0.0
20150227,74071.0,76889.0,73411.0,76138.0,164829,104816,0,0,0.0
20150302,76420.0,76448.0,72408.0,73035.0,185143,100929,0,0,0.0
20150303,74183.0,75949.0,73480.0,75060.0,164942,97760,0,0,0.0
20150304,75161.0,75188.0,72923.0,74128.0,169720,92713,0,0,0.0
20150305,74268.0,74693.0,71455.0,72650.0,206297,90690,0,0,0.0
20150306,73298.0,73819.0,71113.0,72442.0,140225,86950,0,0,0.0
20150309,72622.0,73545.0,71516.0,72165.0,134167,80574,0,0,0.0
20150310,72433.0,72644.0,69280.0,69994.0,163189,75821,201505,201505,0.0
20150311,69914.0,71017.0,69138.0,70467.0,232510,74301,0,0,-310.8
20150312,71171.0,72356.0,69115.0,69837.0,232788,75991,0,0,0.0
20150313,69833.0,70062.0,67421.0,67966.0,139480,78104,0,0,0.0
20150316,67843.0,68133.0,65357.0,66725.0,149453,80589,0,0,0.0
20150317,66877.0,67136.0,65253.0,66694.0,126806,86250,0,0,0.0
20150318,66613.0,70539.0,65735.0,69427.0,167640,90526,0,0,0.0
20150319,69930.0,70357.0,67560.0,68468.0,95333,99002,0,0,0.0
20150320,68642.0,69767.0,67286.0,69369.0,95333,99919,0,0,0.0
20150323,69150.0,70143.0,67992.0,69694.0,94170,104785,0,0,0.0
20150324,69918.0,70907.0,68895.0,69481.0,136410,110926,0,0,0.0
20150325,69972.0,71815.0,68968.0,70915.0,178949,119718,0,0,0.0
20150326,70709.0,73926.0,70314.0,72720.0,155593,119346,0,0,0.0
20150327,72583.0,72762.0,68983.0,69446.0,163166,122019,0,0,0.0
20150330,69658.0,70042.0,68057.0,69384.0,130577,122117,0,0,0.0
20150331,69642.0,69666.0,67351.0,68410.0,157812,123578,0,0,0.0
20150401,68843.0,71517.0,68092.0,70775.0,167712,120914,0,0,0.0
20150402,70690.0,71179.0,66919.0,68073.0,174158,116088,0,0,0.0
20150406,68568.0,71761.0,68188.0,71211.0,121518,112493,0,0,0.0
20150407,71474.0,72320.0,70040.0,71922.0,158513,109132,0,0,0.0
20150408,71036.0,71171.0,67035.0,67218.0,268412,100126,0,0,0.0
20150409,67890.0,69817.0,67074.0,67991.0,219241,93504,201506,201506,0.0
20150410,68581.0,70651.0,67799.0,70032.0,219241,74847,0,0,-214.2
20150413,69932.0,71375.0,69274.0,69842.0,23295,47713,0,0,0.0
20150414,70157.0,71967.0,69769.0,70973.0,22500,50503,0,0,0.0
20150415,71690.0,75150.0,71294.0,74725.0,27521,53399,0,0,0.0
20150416,74674.0,76077.0,73190.0,75000.0,26387,55592,0,0,0.0
20150417,74896.0,75824.0,74068.0,74721.0,16144,57885,0,0,0.0
20150420,75254.0,75932.0,73348.0,74783.0,13163,58226,0,0,0.0
20150421,75231.0,75244.0,72578.0,73120.0,16965,57994,0,0,0.0
20150422,73223.0,75170.0,72307.0,74318.0,23932,58565,0,0,0.0
20150423,74639.0,77599.0,73944.0,76752.0,32063,60135,0,0,0.0
20150424,77039.0,77693.0,76192.0,77198.0,17333,60126,0,0,0.0
20150427,77619.0,77833.0,76239.0,77120.0,16506,60433,0,0,0.0
20150428,77097.0,77903.0,76215.0,76829.0,13338,60478,0,0,0.0
20150429,76996.0,78696.0,75983.0,77464.0,26539,61831,0,0,0.0
20150430,77541.0,79117.0,76947.0,78651.0,22066,61902,0,0,0.0
20150501,79191.0,79218.0,77129.0,78643.0,19908,62613,0,0,0.0
20150504,78875.0,79533.0,77891.0,78294.0,14983,64883,0,0,0.0
20150505,78638.0,80347.0,78007.0,79527.0,30468,65792,0,0,0.0
20150506,80152.0,81110.0,78185.0,78748.0,43592,69541,0,0,0.0
20150507,78650.0,79371.0,76517.0,76922.0,43071,73380,0,0,0.0
20150508,77214.0,77982.0,75662.0,76985.0,30196,81784,201507,201507,0.0
20150511,77334.0,77448.0,75777.0,76523.0,11862,35842,0,0,-449.0
20150512,76868.0,79024.0,76450.0,78522.0,20934,36347,0,0,0.0
20150513,79082.0,79760.0,77999.0,78456.0,17724,38476,0,0,0.0
20150514,78550.0,79522.0,77851.0,78849.0,19991,43910,0,0,0.0
20150515,78863.0,79279.0,77143.0,78865.0,14537,44801,0,0,0.0
20150518,79215.0,80171.0,77905.0,78292.0,11099,46204,0,0,0.0
20150519,78644.0,78661.0,76220.0,76406.0,15781,46543,0,0,0.0
20150520,77130.0,78320.0,76574.0,77981.0,22832,47664,0,0,0.0
20150521,78010.0,80022.0,77582.0,79520.0,20488,50240,0,0,0.0
20150522,79688.0,79831.0,77625.0,78452.0,19017,51184,0,0,0.0
20150526,79215.0,80261.0,75808.0,76379.0,22621,51886,0,0,0.0
20150527,76793.0,77533.0,74162.0,74423.0,20182,51494,0,0,0.0
20150528,75170.0,76450.0,73843.0,75651.0,25513,51920,0,0,0.0
20150529,76156.0,79744.0,75664.0,79076.0,40951,51650,0,0,0.0
20150601,79199.0,79474.0,77963.0,78231.0,25512,53854,0,0,0.0
20150602,78573.0,79772.0,77415.0,79163.0,31819,54139,0,0,0.0
20150603,79332.0,79381.0,77099.0,78313.0,42095,51713,0,0,0.0
20150604,78526.0,78762.0,75512.0,75940.0,37078,53240,0,0,0.0
20150605,76456.0,78214.0,74738.0,77787.0,30536,54308,0,0,0.0
20150608,78083.0,78100.0,76512.0,76958.0,26445,55013,0,0,0.0
20150609,77411.0,80749.0,76680.0,79573.0,40612,60467,0,0,0.0
20150610,80583.0,82243.0,79816.0,81821.0,67216,67801,201508,201508,0.0
20150611,81893.0,82074.0,80485.0,81283.0,30352,56764,0,0,-1789.0
20150612,81042.0,81519.0,79869.0,80552.0,22032,61430,0,0,0.0
20150615,80499.0,80940.0,79214.0,79955.0,20459,65865,0,0,0.0
20150616,80412.0,81699.0,79631.0,80651.0,27253,68140,0,0,0.0
20150617,81362.0,83333.0,78889.0,80118.0,41521,67320,0,0,0.0
20150618,80216.0,81396.0,79402.0,80440.0,21453,71917,0,0,0.0
20150619,80707.0,80821.0,77761.0,78598.0,23278,70955,0,0,0.0
20150622,78663.0,79332.0,77070.0,77831.0,23958,70985,0,0,0.0
20150623,78024.0,80450.0,76804.0,79578.0,30501,70961,0,0,0.0
20150624,80332.0,80789.0,78250.0,78814.0,28096,70715,0,0,0.0
20150625,79334.0,79731.0,77300.0,78226.0,20559,69715,0,0,0.0
20150626,78471.0,79259.0,77351.0,78667.0,14434,70579,0,0,0.0
20150629,78176.0,79155.0,77098.0,77871.0,20815,72042,0,0,0.0
20150630,77964.0,80445.0,77447.0,79553.0,26174,71188,0,0,0.0
20150701,79354.0,79582.0,77550.0,77974.0,28600,74826,0,0,0.0
20150702,78567.0,80177.0,78059.0,78881.0,37290,75611,0,0,0.0
20150706,78679.0,78692.0,74130.0,74361.0,36767,75728,0,0,0.0
20150707,75029.0,76120.0,73141.0,74923.0,47192,79812,0,0,0.0
20150708,76080.0,77059.0,74361.0,76005.0,59229,80824,0,0,0.0
20150709,76670.0,78317.0,75477.0,77544.0,50255,81841,201509,201509,0.0
20150710,77780.0,78282.0,75700.0,76765.0,24244,40686,0,0,-9001.0
20150713,76646.0,76784.0,74455.0,74746.0,25153,39917,0,0,0.0
20150714,74676.0,75537.0,73273.0,75020.0,24156,41611,0,0,0.0
20150715,74711.0,75102.0,72337.0,72626.0,22400,42670,0,0,0.0
20150716,72841.0,74053.0,72526.0,73409.0,22363,44857,0,0,0.0
20150717,73416.0,74864.0,72893.0,74599.0,21589,45461,0,0,0.0
20150720,74815.0,75137.0,73843.0,74675.0,16979,46078,0,0,0.0
20150721,74703.0,75393.0,73713.0,74872.0,20315,48052,0,0,0.0
20150722,74672.0,74626.0,72495.0,72894.0,22214,49400,0,0,0.0
20150723,72760.0,73796.0,71994.0,72150.0,21108,50287,0,0,0.0
20150724,72563.0,72563.0,70602.0,71126.0,16790,53930,0,0,0.0
20150727,71652.0,71608.0,69546.0,70356.0,15965,55338,0,0,0.0
20150728,69754.0,70940.0,68987.0,69797.0,17695,54403,0,0,0.0
20150729,69427.0,70899.0,68763.0,70043.0,21770,54483,0,0,0.0
20150730,70284.0,71555.0,70114.0,70495.0,18651,55011,0,0,0.0
20150731,70459.0,71276.0,69868.0,70344.0,25015,55684,0,0,0.0
20150803,70033.0,70204.0,66497.0,66611.0,27974,57670,0,0,0.0
20150804,67225.0,68061.0,66681.0,67157.0,27776,60582,0,0,0.0
20150805,67642.0,68554.0,66103.0,66813.0,26118,62152,0,0,0.0
20150806,66965.0,67217.0,65248.0,66168.0,32205,67706,0,0,0.0
20150807,66494.0,66661.0,64630.0,65291.0,38481,69332,0,0,0.0
20150810,65215.0,68002.0,64818.0,67797.0,38524,73389,201510,201510,0.0
20150811,67772.0,68222.0,66180.0,67108.0,24594,48969,0,0,-2449.0
20150812,67348.0,69248.0,66827.0,68934.0,42099,51569,0,0,0.0
20150813,69056.0,69402.0,67280.0,67584.0,26211,53598,0,0,0.0
20150814,68109.0,68045.0,66674.0,67207.0,15526,55587,0,0,0.0
20150817,66974.0,67509.0,66488.0,66778.0,18794,57100,0,0,0.0
20150818,66736.0,66805.0,65831.0,66420.0,16139,58380,0,0,0.0
20150819,66274.0,66385.0,63263.0,63812.0,30489,61389,0,0,0.0
20150820,63656.0,64030.0,62066.0,62708.0,26016,62858,0,0,0.0
20150821,62578.0,62575.0,60496.0,62028.0,33309,62582,0,0,0.0
20150824,62237.0,62179.0,58091.0,58657.0,25374,62166,0,0,0.0
20150825,59074.0,60267.0,58036.0,58350.0,30202,62006,0,0,0.0
20150826,58826.0,58771.0,55757.0,55854.0,37476,63559,0,0,0.0
20150827,57193.0,60897.0,57104.0,60627.0,38600,60924,0,0,0.0
20150828,60488.0,64907.0,59756.0,63785.0,37793,63382,0,0,0.0
20150831,63023.0,68889.0,61201.0,68618.0,24682,63631,0,0,0.0
20150901,67368.0,67522.0,62799.0,63832.0,25841,63201,0,0,0.0
20150902,62962.0,65905.0,62343.0,65094.0,34409,63615,0,0,0.0
20150903,65104.0,67840.0,64673.0,65689.0,27603,64764,0,0,0.0
20150904,65785.0,65952.0,64249.0,64907.0,23031,66643,0,0,0.0
20150908,64688.0,64996.0,62720.0,64260.0,32744,68980,0,0,0.0
20150909,64278.0,65168.0,62394.0,62518.0,32712,75818,0,0,0.0
20150910,62522.0,64479.0,61858.0,64116.0,42048,82974,201511,201511,0.0
20150911,63988.0,64245.0,62002.0,63259.0,18235,57550,0,0,-848.0
20150914,63689.0,63701.0,60535.0,60668.0,21848,58282,0,0,0.0
20150915,60946.0,62272.0,60587.0,61712.0,22906,57280,0,0,0.0
20150916,61884.0,64978.0,61742.0,63820.0,27612,58795,0,0,0.0
20150917,64143.0,64203.0,62424.0,63428.0,16810,61078,0,0,0.0
20150918,63802.0,64681.0,61756.0,62118.0,16900,62792,0,0,0.0
20150921,62187.0,64369.0,62069.0,64156.0,28787,63117,0,0,0.0
20150922,64338.0,65202.0,62783.0,64788.0,22830,63631,0,0,0.0
20150923,64830.0,66465.0,63157.0,63228.0,24914,66788,0,0,0.0
20150924,63741.0,63985.0,62243.0,62789.0,22218,69738,0,0,0.0
20150925,63155.0,64260.0,62484.0,64003.0,17639,69078,0,0,0.0
20150928,63780.0,63877.0,61722.0,61904.0,16134,70242,0,0,0.0
20150929,61700.0,63281.0,61528.0,62660.0,18407,70785,0,0,0.0
20150930,62302.0,63995.0,61982.0,63186.0,39609,73356,0,0,0.0
20151001,63173.0,65778.0,62602.0,63228.0,47614,77927,0,0,0.0
20151002,63552.0,63767.0,60941.0,62387.0,40478,78570,0,0,0.0
20151005,62368.0,65102.0,62294.0,64362.0,25022,76367,0,0,0.0
20151006,64491.0,67273.0,63993.0,66972.0,29603,75984,0,0,0.0
20151007,67163.0,67784.0,65176.0,65204.0,41477,80851,0,0,0.0
20151008,65818.0,66904.0,64939.0,66229.0,31837,81624,201512,201512,0.0
20151009,66571.0,67302.0,65256.0,66357.0,16407,44857,0,0,588.0
20151012,66571.0,67049.0,63218.0,63258.0,17162,48544,0,0,0.0
20151013,64104.0,64233.0,62422.0,62641.0,23936,50971,0,0,0.0
20151014,62486.0,63281.0,61996.0,62388.0,16436,54899,0,0,0.0
20151015,63062.0,63117.0,60923.0,62281.0,20394,58411,0,0,0.0
20151016,62842.0,63764.0,62249.0,63305.0,11373,58811,0,0,0.0
20151019,63569.0,63511.0,60525.0,60577.0,23429,58675,0,0,0.0
20151020,61003.0,61650.0,60343.0,61311.0,15826,59099,0,0,0.0
20151021,61182.0,61575.0,60043.0,60862.0,24208,57315,0,0,0.0
20151022,61299.0,62344.0,61125.0,61503.0,28283,56095,0,0,0.0
20151023,62049.0,62359.0,60642.0,61049.0,17626,55584,0,0,0.0
20151026,61196.0,61703.0,60367.0,60530.0,16806,56949,0,0,0.0
20151027,60436.0,60620.0,59556.0,60207.0,16285,57904,0,0,0.0
20151028,60267.0,63474.0,59959.0,62883.0,25264,58855,0,0,0.0
20151029,63039.0,63634.0,62067.0,62944.0,16110,58640,0,0,0.0
20151030,63105.0,65016.0,62526.0,64170.0,25062,59628,0,0,0.0
20151102,64132.0,64416.0,62901.0,64095.0,29774,62804,0,0,0.0
20151103,64235.0,67678.0,63580.0,66936.0,46162,66682,0,0,0.0
20151104,67087.0,68019.0,64357.0,64502.0,50055,72260,0,0,0.0
20151105,65239.0,65245.0,63078.0,63135.0,35027,77742,0,0,0.0
20151106,63836.0,64574.0,63008.0,63322.0,35443,82020,0,0,0.0
20151109,63583.0,64906.0,63210.0,63407.0,38332,92590,201601,201601,0.0
20151110,63719.0,64007.0,62610.0,62952.0,13441,33497,0,0,454.0
20151111,62662.0,63816.0,61254.0,61475.0,12789,34894,0,0,0.0
20151112,61960.0,61933.0,59269.0,59275.0,17423,35758,0,0,0.0
20151113,59373.0,59916.0,57717.0,57938.0,13428,36863,0,0,0.0
20151116,58102.0,58688.0,56426.0,58063.0,15064,37695,0,0,0.0
20151117,58279.0,58637.0,57444.0,57474.0,15505,37791,0,0,0.0
20151118,58074.0,59130.0,57364.0,58546.0,21997,38864,0,0,0.0
20151119,58949.0,59855.0,58507.0,59126.0,20040,39326,0,0,0.0
20151120,59428.0,60831.0,58707.0,59312.0,16579,42219,0,0,0.0
20151123,59237.0,61078.0,58228.0,60129.0,20425,41815,0,0,0.0
20151124,60368.0,63899.0,60282.0,63007.0,40519,42741,0,0,0.0
20151125,62788.0,63541.0,60960.0,63003.0,27189,45608,0,0,0.0
20151127,63095.0,63108.0,61276.0,62042.0,17455,48433,0,0,0.0
20151130,62183.0,62941.0,60742.0,60871.0,23237,53077,0,0,0.0
20151201,61396.0,64433.0,61266.0,63355.0,42446,54468,0,0,0.0
20151202,63429.0,63373.0,60328.0,60366.0,30332,52319,0,0,0.0
20151203,61149.0,62453.0,59849.0,60714.0,26372,52827,0,0,0.0
20151204,61345.0,61555.0,59129.0,59604.0,21156,54748,0,0,0.0
20151207,60098.0,60198.0,56778.0,56930.0,30848,55784,0,0,0.0
20151208,56967.0,58055.0,56345.0,56698.0,25884,59881,0,0,0.0
20151209,56650.0,58966.0,56568.0,57844.0,35959,64236,0,0,0.0
20151210,58279.0,60509.0,58194.0,59891.0,51072,67930,201602,201602,0.0
20151211,60094.0,60727.0,58281.0,59933.0,29186,46905,0,0,1126.0
20151214,59939.0,61096.0,57286.0,58955.0,19761,50270,0,0,0.0
20151215,58325.0,59557.0,57622.0,58427.0,17115,51380,0,0,0.0
20151216,58362.0,59484.0,57309.0,57722.0,18807,50956,0,0,0.0
20151217,58329.0,59438.0,57413.0,58354.0,20356,51094,0,0,0.0
20151218,58575.0,59565.0,57682.0,58559.0,19365,52624,0,0,0.0
20151221,58479.0,58550.0,55990.0,56477.0,16932,53463,0,0,0.0
20151222,56190.0,56786.0,54952.0,55148.0,20820,53976,0,0,0.0
20151223,55434.0,59037.0,55184.0,58077.0,15368,54176,0,0,0.0
20151228,59017.0,59128.0,57277.0,57767.0,11697,55991,0,0,0.0
20151229,57910.0,59971.0,57446.0,59627.0,14463,55632,0,0,0.0
20151230,58890.0,59120.0,57546.0,57858.0,11167,56510,0,0,0.0
20151231,58411.0,60564.0,57478.0,59040.0,11242,56558,0,0,0.0
20160104,59942.0,62030.0,58483.0,59900.0,18852,56900,0,0,0.0
20160105,60143.0,60568.0,58156.0,58517.0,26693,58225,0,0,0.0
20160106,58434.0,58437.0,53930.0,54242.0,46684,59614,0,0,0.0
20160107,54454.0,55006.0,52069.0,53528.0,28423,64319,0,0,0.0
20160108,53889.0,54751.0,51988.0,52633.0,31272,65495,201603,201603,0.0
20160111,52450.0,53202.0,51033.0,51451.0,15151,43034,0,0,9311.0
20160112,51620.0,53252.0,49768.0,50470.0,32326,43726,0,0,0.0
20160113,50604.0,51587.0,49127.0,49576.0,26700,44784,0,0,0.0
20160114,49637.0,50879.0,49305.0,50032.0,19485,48080,0,0,0.0
20160115,50302.0,50523.0,47721.0,47960.0,18907,49029,0,0,0.0
20160119,48476.0,49884.0,47101.0,48112.0,30556,47452,0,0,0.0
20160120,48445.0,48835.0,46953.0,47550.0,26646,48848,0,0,0.0
20160121,47356.0,49348.0,46927.0,47968.0,30865,49146,0,0,0.0
20160122,48350.0,50592.0,48051.0,49942.0,24657,50754,0,0,0.0
20160125,50196.0,50711.0,47356.0,47831.0,27825,51442,0,0,0.0
20160126,48032.0,49593.0,46623.0,48549.0,32467,53098,0,0,0.0
20160127,47860.0,49784.0,46832.0,48744.0,36973,54838,0,0,0.0
20160128,49060.0,52211.0,48131.0,50025.0,39943,53429,0,0,0.0
20160129,50960.0,51871.0,49659.0,51287.0,26747,53261,0,0,0.0
20160201,51216.0,51579.0,49381.0,49534.0,32853,55194,0,0,0.0
20160202,50088.0,50174.0,45966.0,46758.0,44242,56743,0,0,0.0
20160203,46629.0,48352.0,45491.0,47280.0,54679,59563,0,0,0.0
20160204,48375.0,49581.0,47204.0,47618.0,36109,59683,0,0,0.0
20160205,47753.0,48203.0,46178.0,46463.0,40389,61072,0,0,0.0
20160208,46480.0,47012.0,44921.0,45029.0,31597,68145,0,0,0.0
20160209,45303.0,45752.0,42745.0,42835.0,43767,72803,0,0,0.0
20160210,43380.0,45660.0,42958.0,44356.0,45618,77598,201604,201604,0.0
20160211,44702.0,46008.0,43558.0,44500.0,23332,53522,0,0,857.0
20160212,45742.0,48633.0,45446.0,48231.0,23967,55998,0,0,0.0
20160216,47977.0,50082.0,45566.0,45858.0,23486,58930,0,0,0.0
20160217,46749.0,48775.0,45450.0,47559.0,26818,58717,0,0,0.0
20160218,48349.0,48805.0,46480.0,46886.0,25975,58780,0,0,0.0
20160219,46959.0,47694.0,45383.0,46168.0,15066,61213,0,0,0.0
20160222,46445.0,48808.0,46073.0,47817.0,15301,60884,0,0,0.0
20160223,48004.0,48488.0,46103.0,46628.0,15265,60651,0,0,0.0
20160224,46738.0,49373.0,45890.0,48650.0,29438,61118,0,0,0.0
20160225,48970.0,50649.0,47905.0,49948.0,27494,60415,0,0,0.0
20160226,49853.0,51311.0,49070.0,49410.0,27772,60168,0,0,0.0
20160229,49459.0,51003.0,48685.0,50393.0,19452,60922,0,0,0.0
20160301,50748.0,51142.0,48928.0,49896.0,34533,61453,0,0,0.0
20160302,50075.0,51262.0,49491.0,50240.0,37729,64781,0,0,0.0
20160303,50360.0,50664.0,48984.0,49919.0,33498,68255,0,0,0.0
20160304,50199.0,51970.0,49320.0,51205.0,33058,69632,0,0,0.0
20160307,51702.0,54063.0,51078.0,53436.0,32449,73860,0,0,0.0
20160308,53613.0,54609.0,52676.0,53159.0,40907,77405,0,0,0.0
20160309,53448.0,56412.0,53102.0,55940.0,59992,82144,0,0,0.0
20160310,55991.0,56691.0,54064.0,54946.0,45005,87634,201605,201605,0.0
20160311,55499.0,55848.0,54367.0,54902.0,19145,47359,0,0,739.0
20160314,55168.0,55510.0,53279.0,54123.0,19558,49242,0,0,0.0
20160315,54689.0,54810.0,52589.0,53487.0,18237,48694,0,0,0.0
20160316,53817.0,54862.0,53197.0,54074.0,33003,50180,0,0,0.0
20160317,54318.0,55312.0,53566.0,54880.0,23496,52274,0,0,0.0
20160318,55042.0,55956.0,54208.0,54422.0,22351,53304,0,0,0.0
20160321,54697.0,56023.0,53754.0,55482.0,18624,55236,0,0,0.0
20160322,55814.0,57481.0,55001.0,56642.0,34453,55338,0,0,0.0
20160323,57213.0,57481.0,54765.0,55131.0,46590,56263,0,0,0.0
20160324,55409.0,56246.0,53939.0,55574.0,27879,53140,0,0,0.0
20160328,56263.0,56662.0,55050.0,55626.0,15936,53330,0,0,0.0
20160329,56055.0,56178.0,53958.0,55094.0,24243,54390,0,0,0.0
20160330,55461.0,56364.0,54301.0,54622.0,26490,57137,0,0,0.0
20160331,54596.0,55158.0,53449.0,53976.0,35657,57236,0,0,0.0
20160401,53943.0,54407.0,52021.0,52210.0,43409,57748,0,0,0.0
20160404,52551.0,53153.0,51173.0,51335.0,27402,58089,0,0,0.0
20160405,51493.0,52123.0,50915.0,51309.0,33551,58728,0,0,0.0
20160406,51928.0,52882.0,50602.0,52041.0,48553,60279,0,0,0.0
20160407,52306.0,52982.0,50761.0,51539.0,37045,63383,0,0,0.0
20160408,52053.0,54972.0,51672.0,54479.0,48978,64785,201606,201606,0.0
20160411,54849.0,56673.0,54007.0,56138.0,22547,42170,0,0,-231.0
20160412,56314.0,57822.0,55691.0,57294.0,22191,42750,0,0,0.0
20160413,57283.0,57849.0,56268.0,57164.0,35489,47864,0,0,0.0
20160414,57346.0,57990.0,56005.0,56430.0,21871,49776,0,0,0.0
20160415,56586.0,56873.0,54543.0,54925.0,23533,50465,0,0,0.0
20160418,54671.0,55313.0,52541.0,54146.0,20700,52072,0,0,0.0
20160419,54645.0,56537.0,54029.0,55669.0,27464,51339,0,0,0.0
20160420,55837.0,57326.0,54392.0,56823.0,24166,51509,0,0,0.0
20160421,56948.0,57826.0,56239.0,56901.0,29977,50829,0,0,0.0
20160422,57324.0,58730.0,56480.0,57535.0,27636,51066,0,0,0.0
20160425,57942.0,58192.0,56339.0,56945.0,16024,52075,0,0,0.0
20160426,57566.0,59678.0,56935.0,58603.0,27173,53007,0,0,0.0
20160427,59529.0,60047.0,57850.0,59222.0,28128,55070,0,0,0.0
20160428,59444.0,60335.0,58512.0,59852.0,24816,55699,0,0,0.0
20160429,59849.0,60544.0,58909.0,59626.0,23061,58123,0,0,0.0
20160502,59704.0,60249.0,57850.0,58162.0,25066,59592,0,0,0.0
20160503,58214.0,58674.0,55762.0,56319.0,41646,59738,0,0,0.0
20160504,56932.0,57718.0,54659.0,55452.0,54374,63522,0,0,0.0
20160505,56063.0,57569.0,55063.0,55589.0,31260,66858,0,0,0.0
20160506,56090.0,56994.0,54626.0,55823.0,41263,69697,0,0,0.0
20160509,56749.0,57408.0,53616.0,53843.0,39117,76556,0,0,0.0
20160510,54055.0,56157.0,53687.0,55485.0,45522,79272,201607,201607,0.0
20160511,55616.0,59226.0,54790.0,58692.0,38701,42784,0,0,-4.0
20160512,58653.0,59304.0,57663.0,58825.0,19856,43723,0,0,0.0
20160513,58761.0,59524.0,57545.0,58922.0,22945,45080,0,0,0.0
20160516,59268.0,60984.0,58844.0,59548.0,20238,46191,0,0,0.0
20160517,60091.0,61418.0,59051.0,60442.0,28675,46034,0,0,0.0
20160518,61198.0,61907.0,59855.0,60950.0,31122,46631,0,0,0.0
20160519,61090.0,61238.0,58970.0,60535.0,27196,44994,0,0,0.0
20160520,60736.0,61242.0,59507.0,60572.0,21755,46347,0,0,0.0
20160523,61068.0,61503.0,59874.0,60798.0,27237,46625,0,0,0.0
20160524,61161.0,61951.0,60411.0,61068.0,41641,45482,0,0,0.0
20160525,61134.0,61660.0,60081.0,60891.0,33114,44913,0,0,0.0
20160526,61335.0,61880.0,59689.0,60150.0,31216,44603,0,0,0.0
20160527,60512.0,61268.0,59181.0,60546.0,22920,45033,0,0,0.0
