Date,Open,High,Low,Close,Volume,OI,P,R,RINFO
20140603,139100.0,139675.0,138950.0,139400.0,28268,46210,0,0,0.0
20140604,139438.0,139688.0,139175.0,139338.0,26984,46862,0,0,0.0
20140605,139338.0,140326.0,138313.0,140201.0,84431,46695,201409,201409,0.0
20140606,140226.0,140288.0,139651.0,139938.0,48752,5021,0,0,125.0
20140609,139926.0,140126.0,139201.0,139276.0,32883,8543,0,0,0.0
20140610,139327.0,139427.0,138764.0,138989.0,57991,19074,0,0,0.0
20140611,139052.0,139177.0,138702.0,138864.0,45298,24914,0,0,0.0
20140612,138902.0,139327.0,138677.0,139226.0,51520,29611,0,0,0.0
20140613,139127.0,139502.0,138689.0,138789.0,41378,32968,0,0,0.0
20140616,138852.0,139415.0,138677.0,139239.0,28540,31711,0,0,0.0
20140617,139314.0,139427.0,138789.0,138914.0,21736,32063,0,0,0.0
20140618,138964.0,139577.0,138889.0,139076.0,37036,31577,0,0,0.0
20140619,139439.0,140251.0,139389.0,139738.0,49946,32945,0,0,0.0
20140620,139751.0,140039.0,139252.0,139513.0,25468,32517,0,0,0.0
20140623,139551.0,139789.0,139352.0,139775.0,19214,32674,0,0,0.0
20140624,139763.0,140026.0,139502.0,139763.0,30055,33408,0,0,0.0
20140625,139800.0,140326.0,139714.0,139963.0,30474,34317,0,0,0.0
20140626,139987.0,140076.0,139527.0,139813.0,31544,33536,0,0,0.0
20140627,139850.0,140326.0,139814.0,140238.0,28233,33785,0,0,0.0
20140630,140275.0,141025.0,140176.0,140962.0,39070,35288,0,0,0.0
20140701,140937.0,141100.0,140750.0,140825.0,28775,34940,0,0,0.0
20140702,140812.0,140838.0,140425.0,140538.0,28352,35712,0,0,0.0
20140703,140562.0,140626.0,139313.0,139789.0,36453,34542,0,0,0.0
20140707,139725.0,139939.0,139488.0,139901.0,30267,35757,0,0,0.0
20140708,139875.0,140064.0,139688.0,139938.0,24624,34749,0,0,0.0
20140709,139925.0,140314.0,139800.0,140288.0,30268,34548,0,0,0.0
20140710,140225.0,140351.0,139862.0,139988.0,25293,34128,0,0,0.0
20140711,140013.0,140201.0,139874.0,140063.0,20727,34606,0,0,0.0
20140714,140038.0,140438.0,139886.0,140088.0,30869,34674,0,0,0.0
20140715,140125.0,140213.0,139399.0,139476.0,46568,34660,0,0,0.0
20140716,139463.0,139514.0,138987.0,139039.0,31670,34749,0,0,0.0
20140717,139076.0,139302.0,139024.0,139189.0,32000,36904,0,0,0.0
20140718,139201.0,139290.0,138762.0,139139.0,36478,36702,0,0,0.0
20140721,139139.0,139265.0,138974.0,139127.0,22064,36316,0,0,0.0
20140722,139114.0,139153.0,138387.0,138453.0,45874,38011,0,0,0.0
20140723,138440.0,138566.0,138325.0,138416.0,29617,38897,0,0,0.0
20140724,138428.0,138678.0,138225.0,138404.0,33022,39530,0,0,0.0
20140725,138403.0,138528.0,138013.0,138092.0,21827,40584,0,0,0.0
20140728,138091.0,138266.0,138013.0,138142.0,36013,42417,0,0,0.0
20140729,138178.0,138254.0,137676.0,137755.0,36672,43651,0,0,0.0
20140730,137741.0,137804.0,137139.0,137430.0,49064,48876,0,0,0.0
20140731,137454.0,137642.0,137214.0,137467.0,46580,49573,0,0,0.0
20140801,137454.0,138179.0,137326.0,137917.0,52241,50374,0,0,0.0
20140804,137929.0,137954.0,137688.0,137767.0,30012,53742,0,0,0.0
20140805,137754.0,137817.0,137101.0,137355.0,36842,56847,0,0,0.0
20140806,137354.0,137717.0,137051.0,137592.0,39948,53679,0,0,0.0
20140807,137641.0,137779.0,137188.0,137442.0,33601,55150,0,0,0.0
20140808,137416.0,138304.0,137288.0,137979.0,45264,51720,0,0,0.0
20140811,137953.0,137967.0,137750.0,137792.0,20754,51399,0,0,0.0
20140812,137766.0,137805.0,137213.0,137630.0,28628,51583,0,0,0.0
20140813,137629.0,138155.0,137288.0,137692.0,35465,50878,0,0,0.0
20140814,137654.0,138255.0,137488.0,137829.0,32295,50858,0,0,0.0
20140815,137779.0,138430.0,137713.0,138379.0,38988,52255,0,0,0.0
20140818,138279.0,138393.0,137725.0,137805.0,23991,50485,0,0,0.0
20140819,137779.0,137881.0,137338.0,137405.0,24963,50004,0,0,0.0
20140820,137354.0,137419.0,136689.0,136806.0,35705,50346,0,0,0.0
20140821,136717.0,137094.0,136577.0,137056.0,28180,50941,0,0,0.0
20140822,137042.0,137219.0,136452.0,136669.0,41928,50660,0,0,0.0
20140825,136343.0,136632.0,136177.0,136469.0,25875,49152,0,0,0.0
20140826,136405.0,136694.0,136052.0,136169.0,43829,50017,0,0,0.0
20140827,136130.0,136694.0,135990.0,136556.0,47761,50222,0,0,0.0
20140828,136517.0,136856.0,136340.0,136519.0,46093,52336,0,0,0.0
20140829,136467.0,136669.0,135978.0,135994.0,46125,51847,0,0,0.0
20140902,135955.0,136107.0,135591.0,135844.0,46125,51847,0,0,0.0
20140903,135855.0,136119.0,135753.0,136069.0,49611,54792,0,0,0.0
20140904,136080.0,136119.0,133880.0,133921.0,79934,53669,0,0,0.0
20140905,133919.0,134508.0,133780.0,134171.0,59556,52677,201412,201412,0.0
20140908,134156.0,134233.0,133493.0,133684.0,58431,14129,0,0,100.0
20140909,133594.0,134108.0,133193.0,133746.0,76420,27030,0,0,0.0
20140910,133956.0,134046.0,132956.0,133272.0,139682,37535,0,0,0.0
20140911,133332.0,133784.0,133231.0,133497.0,68647,48049,0,0,0.0
20140912,133419.0,134034.0,133331.0,133747.0,68118,54344,0,0,0.0
20140915,133843.0,133884.0,133269.0,133522.0,31687,56658,0,0,0.0
20140916,133519.0,134296.0,133406.0,133921.0,33540,54807,0,0,0.0
20140917,133893.0,133972.0,133057.0,133185.0,59611,55135,0,0,0.0
20140918,132583.0,133822.0,132408.0,133659.0,51906,52499,0,0,0.0
20140919,133669.0,133797.0,132708.0,132785.0,31495,53505,0,0,0.0
20140922,132671.0,133173.0,132558.0,132735.0,33279,50833,0,0,0.0
20140923,132808.0,133522.0,132808.0,132985.0,29759,51975,0,0,0.0
20140924,132858.0,133010.0,132022.0,132124.0,32593,52476,0,0,0.0
20140925,132059.0,132111.0,131236.0,131899.0,40775,53669,0,0,0.0
20140926,131872.0,131999.0,131174.0,131275.0,30906,54787,0,0,0.0
20140929,131198.0,131612.0,131024.0,131337.0,33747,55213,0,0,0.0
20140930,131260.0,131450.0,130113.0,130775.0,54215,57059,0,0,0.0
20141001,130736.0,130826.0,130138.0,130488.0,40770,57139,0,0,0.0
20141002,130536.0,131213.0,130338.0,130937.0,50846,57207,0,0,0.0
20141003,130973.0,130976.0,128953.0,129015.0,50421,62542,0,0,0.0
20141006,129114.0,130514.0,128978.0,129988.0,49668,62919,0,0,0.0
20141007,130325.0,130664.0,129739.0,130450.0,52106,60355,0,0,0.0
20141008,130512.0,131288.0,130063.0,131111.0,47796,60889,0,0,0.0
20141009,131099.0,131837.0,130600.0,130849.0,64065,60833,0,0,0.0
20141010,130824.0,131051.0,130151.0,130325.0,33722,61051,0,0,0.0
20141013,130512.0,131263.0,130463.0,130924.0,26810,61631,0,0,0.0
20141014,131610.0,131675.0,130663.0,130837.0,34160,60799,0,0,0.0
20141015,130861.0,133385.0,130563.0,132235.0,108204,57172,0,0,0.0
20141016,132596.0,132798.0,131561.0,132360.0,72054,55358,0,0,0.0
20141017,132409.0,132748.0,131773.0,132048.0,32475,55015,0,0,0.0
20141020,131897.0,132611.0,131686.0,132522.0,25814,55598,0,0,0.0
20141021,132371.0,132848.0,131499.0,131648.0,39204,55172,0,0,0.0
20141022,131510.0,131787.0,130838.0,130887.0,36358,55129,0,0,0.0
20141023,130886.0,131175.0,130588.0,130887.0,28801,55500,0,0,0.0
20141024,130811.0,131450.0,130775.0,131087.0,24001,55640,0,0,0.0
20141027,131148.0,131725.0,131112.0,131599.0,29068,56398,0,0,0.0
20141028,131448.0,132174.0,131249.0,131849.0,32847,56625,0,0,0.0
20141029,131797.0,132224.0,130737.0,130901.0,36280,57361,0,0,0.0
20141030,130799.0,130839.0,129876.0,130577.0,46592,57376,0,0,0.0
20141031,130574.0,130627.0,129202.0,129691.0,64575,57739,0,0,0.0
20141103,129463.0,129554.0,128803.0,129379.0,42204,57561,0,0,0.0
20141104,129288.0,130303.0,129290.0,130128.0,41349,59243,0,0,0.0
20141105,130074.0,130266.0,129203.0,129404.0,53095,60998,0,0,0.0
20141106,129375.0,129991.0,128192.0,128431.0,65017,60606,0,0,0.0
20141107,128339.0,129355.0,128142.0,129067.0,59520,60993,0,0,0.0
20141110,129325.0,129817.0,128903.0,128942.0,34201,60681,0,0,0.0
20141111,128913.0,129717.0,128691.0,129329.0,28709,60563,0,0,0.0
20141112,129375.0,129742.0,128953.0,129092.0,42528,60683,0,0,0.0
20141113,129013.0,129742.0,129015.0,129679.0,30680,60854,0,0,0.0
20141114,129512.0,130391.0,128815.0,130153.0,60962,60458,0,0,0.0
20141117,130099.0,130678.0,129289.0,129392.0,36656,59732,0,0,0.0
20141118,129363.0,130366.0,129289.0,130241.0,37278,59842,0,0,0.0
20141119,130212.0,130965.0,130013.0,130341.0,47702,59561,0,0,0.0
20141120,130337.0,130665.0,129938.0,130353.0,46558,60063,0,0,0.0
20141121,130225.0,130515.0,128553.0,128668.0,59208,59787,0,0,0.0
20141124,128403.0,129167.0,128366.0,129080.0,34260,60033,0,0,0.0
20141125,129102.0,129566.0,128703.0,129404.0,35224,59975,0,0,0.0
20141126,129414.0,130090.0,129127.0,129928.0,35054,59802,0,0,0.0
20141128,129838.0,130028.0,129065.0,129167.0,44198,58577,0,0,0.0
20141201,129039.0,129866.0,128828.0,129467.0,48489,58644,0,0,0.0
20141202,129376.0,129442.0,128266.0,128319.0,38100,59428,0,0,0.0
20141203,128403.0,128469.0,127567.0,127645.0,45784,60593,0,0,0.0
20141204,127642.0,129355.0,127380.0,128394.0,110110,59338,0,0,0.0
20141205,128478.0,128619.0,127343.0,127570.0,66027,56402,201503,201503,0.0
20141208,127517.0,128232.0,127193.0,128019.0,51277,15820,0,0,50.0
20141209,127904.0,129380.0,127704.0,128618.0,94503,25493,0,0,0.0
20141210,128640.0,129255.0,128465.0,129117.0,70578,36960,0,0,0.0
20141211,129214.0,129717.0,128577.0,128730.0,119571,50043,0,0,0.0
20141212,128940.0,129829.0,128739.0,129466.0,67472,50762,0,0,0.0
20141215,129664.0,129754.0,129088.0,129304.0,37100,51008,0,0,0.0
20141216,129377.0,130715.0,129313.0,129853.0,78133,51049,0,0,0.0
20141217,130138.0,130166.0,128165.0,128256.0,70868,51122,0,0,0.0
20141218,128317.0,128482.0,126855.0,127470.0,98995,54403,0,0,0.0
20141219,127494.0,127684.0,126880.0,126946.0,40675,53636,0,0,0.0
20141222,126933.0,127422.0,126855.0,126896.0,22324,54230,0,0,0.0
20141223,126970.0,127160.0,126381.0,126522.0,21037,54063,0,0,0.0
20141224,126483.0,126985.0,126443.0,126659.0,9276,54557,0,0,0.0
20141226,126945.0,127097.0,126418.0,126509.0,6411,54592,0,0,0.0
20141229,126496.0,126935.0,126106.0,126272.0,19218,56681,0,0,0.0
20141231,126271.0,126436.0,125607.0,125673.0,15511,57777,0,0,0.0
20150102,125685.0,125712.0,124721.0,124762.0,28924,60109,0,0,0.0
20150105,124151.0,124477.0,123548.0,124101.0,40439,61895,0,0,0.0
20150106,124026.0,124377.0,123548.0,123876.0,45642,62828,0,0,0.0
20150107,123515.0,123728.0,122737.0,123240.0,44056,63697,0,0,0.0
20150108,123066.0,123204.0,122238.0,122516.0,35802,63782,0,0,0.0
20150109,122592.0,123192.0,122313.0,123140.0,46282,64776,0,0,0.0
20150112,123403.0,123429.0,122562.0,123115.0,31310,64116,0,0,0.0
20150113,122991.0,123329.0,122213.0,122329.0,41588,64682,0,0,0.0
20150114,122480.0,123204.0,121964.0,122466.0,52865,64118,0,0,0.0
20150115,122567.0,153219.0,122176.0,143262.0,111646,59577,0,0,0.0
20150116,146893.0,147979.0,141786.0,145957.0,79402,50994,0,0,0.0
20150120,145334.0,146432.0,141636.0,142551.0,49717,45339,0,0,0.0
20150121,143138.0,147418.0,142684.0,145720.0,26257,43586,0,0,0.0
20150122,145608.0,146994.0,143208.0,143699.0,16117,42576,0,0,0.0
20150123,143961.0,144362.0,142085.0,142701.0,15809,40663,0,0,0.0
20150126,142252.0,142990.0,138305.0,138971.0,18345,40837,0,0,0.0
20150127,138759.0,139871.0,136409.0,139220.0,18222,40751,0,0,0.0
20150128,138559.0,139185.0,137507.0,138060.0,12422,39526,0,0,0.0
20150129,138097.0,138187.0,135099.0,135166.0,17632,36777,0,0,0.0
20150130,135415.0,136565.0,134538.0,136326.0,19501,36476,0,0,0.0
20150202,135502.0,135879.0,133752.0,134729.0,13690,36683,0,0,0.0
20150203,134828.0,136141.0,134500.0,135490.0,11217,35723,0,0,0.0
20150204,135165.0,135767.0,134712.0,135328.0,9757,34503,0,0,0.0
20150205,135015.0,135829.0,134201.0,135453.0,10056,34253,0,0,0.0
20150206,135614.0,136203.0,134513.0,134804.0,13990,32684,0,0,0.0
20150209,134903.0,135953.0,134575.0,135652.0,10774,32779,0,0,0.0
20150210,135115.0,135616.0,134625.0,134854.0,10647,31733,0,0,0.0
20150211,134703.0,135379.0,134351.0,134667.0,11847,31821,0,0,0.0
20150212,134478.0,134942.0,133752.0,134118.0,12070,31741,0,0,0.0
20150213,134141.0,134780.0,133764.0,133893.0,6893,31634,0,0,0.0
20150217,133979.0,134530.0,133190.0,133319.0,16860,31398,0,0,0.0
20150218,133243.0,134056.0,132117.0,132346.0,11244,31614,0,0,0.0
20150219,132519.0,133058.0,131406.0,131460.0,11879,31910,0,0,0.0
20150220,131421.0,133220.0,130944.0,132483.0,21150,32407,0,0,0.0
20150223,132905.0,132983.0,131056.0,131348.0,13347,31765,0,0,0.0
20150224,131371.0,131823.0,131093.0,131360.0,11769,31913,0,0,0.0
20150225,131196.0,131873.0,131193.0,131747.0,9098,32737,0,0,0.0
20150226,131520.0,132085.0,130719.0,130886.0,15555,33801,0,0,0.0
20150227,131021.0,132097.0,130694.0,130724.0,25734,34325,0,0,0.0
20150302,130734.0,130937.0,130008.0,130050.0,16278,35291,0,0,0.0
20150303,130185.0,130563.0,129746.0,129863.0,12256,36212,0,0,0.0
20150304,129798.0,130076.0,128785.0,129576.0,25735,37296,0,0,0.0
20150305,129499.0,129552.0,127962.0,128004.0,17835,37857,201506,201506,0.0
20150306,128152.0,128354.0,126590.0,126719.0,31398,6042,0,0,387.5
20150309,126498.0,127048.0,126403.0,126756.0,24949,9415,0,0,0.0
20150310,126585.0,126588.0,124811.0,125015.0,42910,17724,0,0,0.0
20150311,124819.0,125207.0,123468.0,123523.0,44398,24796,0,0,0.0
20150312,123575.0,125033.0,123244.0,123958.0,45604,32181,0,0,0.0
20150313,124495.0,124498.0,123418.0,123859.0,30572,35157,0,0,0.0
20150316,123998.0,124510.0,123754.0,123809.0,15863,36206,0,0,0.0
20150317,123724.0,124672.0,123655.0,123946.0,15688,38247,0,0,0.0
20150318,124047.0,128926.0,123904.0,126284.0,30525,37774,0,0,0.0
20150319,127082.0,127707.0,124974.0,125923.0,22743,37829,0,0,0.0
20150320,125938.0,128229.0,125919.0,127764.0,23416,37433,0,0,0.0
20150323,127965.0,129398.0,127138.0,129045.0,20055,36493,0,0,0.0
20150324,129196.0,130828.0,128680.0,130202.0,21995,35651,0,0,0.0
20150325,130116.0,130604.0,129687.0,129729.0,16493,35096,0,0,0.0
20150326,130017.0,131450.0,129202.0,129468.0,23265,33967,0,0,0.0
20150327,129569.0,130555.0,128717.0,129903.0,19047,33209,0,0,0.0
20150330,129780.0,129908.0,128729.0,128945.0,16646,32810,0,0,0.0
20150331,128947.0,129212.0,127734.0,128286.0,21576,33492,0,0,0.0
20150401,128275.0,129324.0,128008.0,129070.0,19127,33097,0,0,0.0
20150402,128947.0,130456.0,128928.0,130065.0,4425,32096,0,0,0.0
20150406,130962.0,131302.0,129823.0,130451.0,10864,32312,0,0,0.0
20150407,130178.0,130494.0,128915.0,129133.0,16588,32588,0,0,0.0
20150408,129096.0,129934.0,128828.0,129307.0,15073,32217,0,0,0.0
20150409,128934.0,129039.0,127336.0,127367.0,20213,33439,0,0,0.0
20150410,127578.0,127845.0,126727.0,127466.0,20213,33439,0,0,0.0
20150413,127205.0,127733.0,126379.0,127503.0,17901,32869,0,0,0.0
20150414,127417.0,128877.0,127238.0,128112.0,23427,33317,0,0,0.0
20150415,128163.0,129387.0,127560.0,129319.0,23744,33276,0,0,0.0
20150416,129008.0,130668.0,128332.0,130588.0,24352,33277,0,0,0.0
20150417,130452.0,131290.0,130060.0,130725.0,23843,32437,0,0,0.0
20150420,130948.0,131240.0,129849.0,130314.0,22629,31595,0,0,0.0
20150421,130314.0,131141.0,129488.0,130476.0,20372,30774,0,0,0.0
20150422,130377.0,131179.0,128232.0,128523.0,31621,31047,0,0,0.0
20150423,128424.0,130768.0,128181.0,130525.0,28855,30672,0,0,0.0
20150424,130613.0,131030.0,130122.0,130637.0,20074,30516,0,0,0.0
20150427,130551.0,131266.0,129998.0,130314.0,18486,30012,0,0,0.0
20150428,130326.0,131105.0,129798.0,130563.0,20613,30527,0,0,0.0
20150429,130463.0,133381.0,130122.0,132578.0,39977,30878,0,0,0.0
20150430,132503.0,133854.0,131837.0,133785.0,34165,33244,0,0,0.0
20150501,133523.0,134264.0,133193.0,133324.0,19502,33574,0,0,0.0
20150504,133448.0,133742.0,132732.0,133286.0,17300,33022,0,0,0.0
20150505,133360.0,134825.0,132309.0,134481.0,25561,33148,0,0,0.0
20150506,134505.0,136666.0,134200.0,136035.0,26455,33674,0,0,0.0
20150507,136009.0,137276.0,134958.0,135140.0,28059,33979,0,0,0.0
20150508,135089.0,135385.0,133515.0,133709.0,24740,33573,0,0,0.0
20150511,133621.0,133942.0,133117.0,133349.0,15078,31677,0,0,0.0
20150512,133298.0,135173.0,133042.0,134095.0,16889,32547,0,0,0.0
20150513,134081.0,136007.0,133937.0,135849.0,19034,32640,0,0,0.0
20150514,135797.0,137138.0,135653.0,136358.0,19475,32796,0,0,0.0
20150515,136482.0,136591.0,134509.0,136209.0,21780,32058,0,0,0.0
20150518,135885.0,136007.0,134360.0,134455.0,13604,31294,0,0,0.0
20150519,134417.0,134638.0,132631.0,132789.0,26490,31339,0,0,0.0
20150520,132825.0,133308.0,132334.0,133050.0,21227,30908,0,0,0.0
20150521,132900.0,133743.0,132656.0,133050.0,14831,30621,0,0,0.0
20150522,132875.0,134043.0,131586.0,132017.0,19199,30722,0,0,0.0
20150526,131768.0,132326.0,130505.0,130599.0,19177,30186,0,0,0.0
20150527,130537.0,131456.0,130369.0,130786.0,21046,29475,0,0,0.0
20150528,130923.0,132115.0,130791.0,132017.0,16635,29773,0,0,0.0
20150529,131842.0,133110.0,131252.0,132365.0,26401,30092,0,0,0.0
20150601,132278.0,132401.0,131177.0,131557.0,15312,30028,0,0,0.0
20150602,131482.0,133683.0,131475.0,133447.0,27789,30218,0,0,0.0
20150603,133384.0,133733.0,132009.0,132962.0,24282,30000,0,0,0.0
20150604,133185.0,134093.0,132743.0,133347.0,23324,29423,0,0,0.0
20150605,133210.0,133771.0,130902.0,132415.0,32748,28522,201509,201509,0.0
20150608,132253.0,134356.0,131898.0,133833.0,5191,4598,0,0,512.0
20150609,134063.0,134467.0,133284.0,133524.0,5449,7235,0,0,0.0
20150610,133555.0,134652.0,133309.0,133425.0,8973,9466,0,0,0.0
20150611,133307.0,133698.0,132083.0,133065.0,11528,11717,0,0,0.0
20150612,133010.0,134541.0,132356.0,133932.0,23682,17005,0,0,0.0
20150615,133778.0,134032.0,132443.0,133473.0,17502,19077,0,0,0.0
20150616,133654.0,134094.0,133087.0,133337.0,11743,19970,0,0,0.0
20150617,133282.0,135184.0,133272.0,134836.0,16899,19515,0,0,0.0
20150618,134818.0,135853.0,134400.0,134811.0,26197,19636,0,0,0.0
20150619,134843.0,135668.0,134349.0,135506.0,13628,20421,0,0,0.0
20150622,135413.0,135741.0,134672.0,134874.0,18634,20712,0,0,0.0
20150623,134818.0,134911.0,132330.0,132842.0,22869,21584,0,0,0.0
20150624,132935.0,133895.0,132603.0,133052.0,15008,21531,0,0,0.0
20150625,133084.0,133238.0,131922.0,132693.0,15884,21670,0,0,0.0
20150626,132699.0,133623.0,132529.0,132643.0,17863,21573,0,0,0.0
20150629,132266.0,134429.0,131761.0,134229.0,26572,21011,0,0,0.0
20150630,134311.0,134378.0,132430.0,132841.0,23513,21168,0,0,0.0
20150701,132886.0,133003.0,130881.0,130920.0,23343,21106,0,0,0.0
20150702,131064.0,131913.0,130684.0,131640.0,16030,21994,0,0,0.0
20150706,131548.0,132025.0,131130.0,131739.0,13501,21882,0,0,0.0
20150707,131796.0,131863.0,130522.0,131255.0,17664,21996,0,0,0.0
20150708,131152.0,132036.0,130584.0,131329.0,18467,23370,0,0,0.0
20150709,131276.0,131788.0,130472.0,130895.0,16421,23251,0,0,0.0
20150710,130967.0,133101.0,130905.0,131886.0,22920,23072,0,0,0.0
20150713,132143.0,132569.0,130608.0,130660.0,17002,21685,0,0,0.0
20150714,130656.0,132147.0,130224.0,131366.0,17132,22596,0,0,0.0
20150715,131313.0,131479.0,130001.0,130363.0,16002,22006,0,0,0.0
20150716,130383.0,130462.0,129481.0,129620.0,12834,23661,0,0,0.0
20150717,129628.0,129880.0,128974.0,129187.0,10745,23994,0,0,0.0
20150720,129032.0,129273.0,128540.0,128716.0,13830,25112,0,0,0.0
20150721,128673.0,129842.0,128602.0,129521.0,13495,26291,0,0,0.0
20150722,129453.0,129805.0,128824.0,129088.0,11820,28027,0,0,0.0
20150723,129243.0,130301.0,129209.0,129583.0,17683,28983,0,0,0.0
20150724,129304.0,129632.0,128750.0,128927.0,15712,28882,0,0,0.0
20150727,128821.0,130227.0,128788.0,128853.0,20966,30050,0,0,0.0
20150728,128983.0,129186.0,128230.0,128816.0,16155,30804,0,0,0.0
20150729,128871.0,129273.0,128020.0,128407.0,16308,31931,0,0,0.0
20150730,128239.0,128294.0,127636.0,127887.0,15133,32960,0,0,0.0
20150731,128004.0,129954.0,127983.0,128184.0,28484,33284,0,0,0.0
20150803,128252.0,128653.0,127834.0,127911.0,11685,33106,0,0,0.0
20150804,127942.0,128330.0,126670.0,126733.0,17501,34540,0,0,0.0
20150805,126827.0,127117.0,126273.0,126610.0,16344,36944,0,0,0.0
20150806,126617.0,126980.0,125926.0,126424.0,16683,37627,0,0,0.0
20150807,126407.0,126696.0,125443.0,126151.0,21241,39779,0,0,0.0
20150810,126060.0,126534.0,125381.0,126089.0,15918,41159,0,0,0.0
20150811,126072.0,126546.0,125220.0,125359.0,20790,42010,0,0,0.0
20150812,125453.0,128194.0,125381.0,127305.0,31030,42842,0,0,0.0
20150813,127200.0,127451.0,126596.0,126933.0,15425,40989,0,0,0.0
20150814,127014.0,127489.0,126682.0,126958.0,10639,41091,0,0,0.0
20150817,126902.0,127303.0,126520.0,126883.0,13140,41812,0,0,0.0
20150818,126704.0,127154.0,126571.0,126846.0,11767,42353,0,0,0.0
20150819,126854.0,128603.0,126793.0,128470.0,21041,42772,0,0,0.0
20150820,128465.0,129384.0,128193.0,128928.0,20429,41905,0,0,0.0
20150821,129357.0,131057.0,129196.0,130762.0,26269,41334,0,0,0.0
20150824,130917.0,133931.0,130695.0,133104.0,43883,40167,0,0,0.0
20150825,133036.0,133189.0,130411.0,131406.0,32277,38691,0,0,0.0
20150826,131946.0,132123.0,129754.0,130204.0,24623,36992,0,0,0.0
20150827,129914.0,130313.0,128144.0,128458.0,20862,36377,0,0,0.0
20150828,128353.0,129409.0,128205.0,128706.0,19526,35352,0,0,0.0
20150831,128725.0,129297.0,127896.0,128321.0,14001,34808,0,0,0.0
20150901,128193.0,129533.0,128131.0,129016.0,20372,34334,0,0,0.0
20150902,129307.0,129322.0,127747.0,127838.0,16568,34216,0,0,0.0
20150903,127895.0,127997.0,126793.0,127268.0,18219,34345,0,0,0.0
20150904,127227.0,128022.0,126818.0,127354.0,17168,33753,201512,201512,0.0
20150908,127574.0,127873.0,126286.0,126462.0,7378,4377,0,0,275.0
20150909,126720.0,127688.0,126261.0,127365.0,13901,8969,0,0,0.0
20150910,127079.0,127886.0,126657.0,127551.0,20217,18015,0,0,0.0
20150911,127388.0,128133.0,126596.0,127996.0,20933,32952,0,0,0.0
20150914,128006.0,128318.0,127597.0,128033.0,10862,36009,0,0,0.0
20150915,128093.0,128331.0,127028.0,127279.0,12385,36753,0,0,0.0
20150916,127388.0,128306.0,127041.0,127698.0,15639,37812,0,0,0.0
20150917,127697.0,129307.0,127523.0,128997.0,19939,36274,0,0,0.0
20150918,128921.0,130161.0,127758.0,128626.0,18500,36691,0,0,0.0
20150921,127846.0,128615.0,127300.0,127711.0,15403,36090,0,0,0.0
20150922,127574.0,127749.0,127115.0,127180.0,11707,36786,0,0,0.0
20150923,127166.0,127378.0,126471.0,126859.0,14227,36925,0,0,0.0
20150924,126647.0,128256.0,126423.0,126970.0,17483,37521,0,0,0.0
20150925,126759.0,127254.0,125928.0,126487.0,17421,37904,0,0,0.0
20150928,126586.0,127526.0,126275.0,127167.0,13405,39598,0,0,0.0
20150929,127315.0,127971.0,127140.0,127698.0,14170,38769,0,0,0.0
20150930,127686.0,127699.0,126781.0,127117.0,14793,38169,0,0,0.0
20151001,127216.0,127488.0,126596.0,126771.0,14573,38573,0,0,0.0
20151002,126809.0,128515.0,126509.0,127698.0,22800,39222,0,0,0.0
20151005,127538.0,127958.0,126855.0,126981.0,10586,38973,0,0,0.0
20151006,126933.0,128230.0,126855.0,128193.0,12335,39564,0,0,0.0
20151007,128132.0,128441.0,127188.0,127427.0,17056,38754,0,0,0.0
20151008,127229.0,128762.0,127201.0,128193.0,17182,38076,0,0,0.0
20151009,128280.0,129257.0,128030.0,128960.0,14336,36970,0,0,0.0
20151012,128862.0,129109.0,128611.0,128948.0,9049,35682,0,0,0.0
20151013,128713.0,129666.0,128413.0,129269.0,14948,35160,0,0,0.0
20151014,129344.0,130642.0,129216.0,130555.0,16182,34837,0,0,0.0
20151015,130544.0,130716.0,129649.0,130283.0,20040,35014,0,0,0.0
20151016,130234.0,130432.0,129637.0,130222.0,13070,36353,0,0,0.0
20151019,129876.0,130086.0,129291.0,129517.0,10960,36057,0,0,0.0
20151020,129555.0,130469.0,129377.0,129430.0,12417,35397,0,0,0.0
20151021,129530.0,129987.0,128858.0,129146.0,12611,35508,0,0,0.0
20151022,129122.0,129270.0,127103.0,127143.0,28562,35895,0,0,0.0
20151023,127256.0,127514.0,126312.0,126376.0,21994,35571,0,0,0.0
20151026,126402.0,126921.0,125818.0,125870.0,21648,34708,0,0,0.0
20151027,125969.0,126265.0,125336.0,125511.0,19223,36017,0,0,0.0
20151028,125512.0,126092.0,124309.0,124436.0,23739,38267,0,0,0.0
20151029,124511.0,125238.0,124322.0,124992.0,22842,41199,0,0,0.0
20151030,125190.0,125733.0,124891.0,125251.0,22655,44931,0,0,0.0
20151102,125511.0,125858.0,125125.0,125425.0,13588,48246,0,0,0.0
20151103,125363.0,125758.0,124668.0,124979.0,16920,50254,0,0,0.0
20151104,124931.0,125214.0,124358.0,124497.0,18774,51714,0,0,0.0
20151105,124572.0,124757.0,124012.0,124373.0,19682,52380,0,0,0.0
20151106,124300.0,124460.0,122801.0,123001.0,30135,54059,0,0,0.0
20151109,123039.0,123792.0,122974.0,123347.0,24262,58359,0,0,0.0
20151110,123299.0,123545.0,122690.0,122927.0,20174,59008,0,0,0.0
20151111,122978.0,123409.0,122850.0,123087.0,18526,59471,0,0,0.0
20151112,123237.0,123891.0,122677.0,123570.0,28838,60089,0,0,0.0
20151113,123608.0,123754.0,122566.0,122828.0,27350,61395,0,0,0.0
20151116,122965.0,123211.0,122454.0,122507.0,19641,64216,0,0,0.0
20151117,122520.0,122605.0,121638.0,121925.0,24519,64870,0,0,0.0
20151118,121951.0,122185.0,121045.0,121295.0,28381,66320,0,0,0.0
20151119,121296.0,122234.0,121243.0,122136.0,25232,68200,0,0,0.0
20151120,122074.0,122222.0,121292.0,121444.0,25256,69328,0,0,0.0
20151123,121357.0,121604.0,120959.0,121370.0,18245,71872,0,0,0.0
20151124,121444.0,121950.0,121342.0,121889.0,21290,71774,0,0,0.0
20151125,121642.0,121962.0,120526.0,121073.0,25784,71890,0,0,0.0
20151127,121073.0,121109.0,119735.0,120170.0,21923,73806,0,0,0.0
20151130,120059.0,120590.0,119847.0,120343.0,22017,76312,0,0,0.0
20151201,120269.0,120639.0,120045.0,120381.0,25121,75711,0,0,0.0
20151202,120504.0,121516.0,119983.0,121382.0,34729,75398,0,0,0.0
20151203,121419.0,125250.0,120403.0,125116.0,64034,77028,0,0,0.0
20151204,124522.0,124780.0,123234.0,124102.0,37801,70451,0,0,0.0
20151207,124016.0,124125.0,123246.0,123718.0,29894,65735,201603,201603,0.0
20151208,123608.0,124681.0,123531.0,124560.0,12771,14831,0,0,562.0
20151209,124692.0,125887.0,124355.0,125729.0,23083,24538,0,0,0.0
20151210,125799.0,125813.0,124688.0,124954.0,25716,36416,0,0,0.0
20151211,125024.0,126059.0,124811.0,125803.0,22153,52929,0,0,0.0
20151214,125566.0,126330.0,125167.0,125496.0,20480,53625,0,0,0.0
20151215,125468.0,126158.0,124527.0,124807.0,18560,52346,0,0,0.0
20151216,124730.0,126023.0,124589.0,125693.0,25940,52326,0,0,0.0
20151217,124755.0,124767.0,123666.0,123884.0,18880,52049,0,0,0.0
20151218,124177.0,124680.0,123851.0,124548.0,15808,51426,0,0,0.0
20151221,124558.0,124890.0,123962.0,124659.0,13866,51128,0,0,0.0
20151222,124545.0,125370.0,124343.0,125089.0,9989,50562,0,0,0.0
20151223,125111.0,125124.0,124195.0,124671.0,11391,50116,0,0,0.0
20151228,125198.0,125347.0,124724.0,125066.0,7141,49143,0,0,0.0
20151229,125075.0,125260.0,124195.0,124635.0,9524,48867,0,0,0.0
20151230,124448.0,125260.0,124318.0,125029.0,9337,48939,0,0,0.0
20151231,124829.0,125051.0,123050.0,123478.0,15184,48709,0,0,0.0
20160104,123475.0,124410.0,122644.0,123183.0,22262,50129,0,0,0.0
20160105,123204.0,123377.0,121893.0,122395.0,17610,50060,0,0,0.0
20160106,122392.0,122724.0,121796.0,122641.0,14065,50102,0,0,0.0
20160107,122479.0,124398.0,122362.0,124302.0,27449,49985,0,0,0.0
20160108,124178.0,124213.0,122694.0,123946.0,21451,48332,0,0,0.0
20160111,124288.0,124927.0,123101.0,123429.0,14504,46689,0,0,0.0
20160112,123254.0,123807.0,122793.0,123084.0,12524,46183,0,0,0.0
20160113,123020.0,123057.0,122055.0,122592.0,18253,46220,0,0,0.0
20160114,122639.0,123241.0,122214.0,122715.0,18996,47305,0,0,0.0
20160115,122762.0,123881.0,122596.0,123097.0,20427,48436,0,0,0.0
20160119,123217.0,123327.0,122313.0,123084.0,22537,48038,0,0,0.0
20160120,122923.0,123463.0,122607.0,122764.0,21422,49068,0,0,0.0
20160121,122713.0,123179.0,121525.0,122456.0,35065,49736,0,0,0.0
20160122,122418.0,122478.0,121278.0,121312.0,20616,50104,0,0,0.0
20160125,121323.0,121800.0,121229.0,121447.0,15971,52356,0,0,0.0
20160126,121740.0,121887.0,120884.0,121189.0,17366,53699,0,0,0.0
20160127,121174.0,121727.0,120982.0,121583.0,24536,55446,0,0,0.0
20160128,121544.0,122330.0,121118.0,121669.0,22170,56478,0,0,0.0
20160129,121580.0,121665.0,120183.0,120303.0,37785,57118,0,0,0.0
20160201,120374.0,121406.0,120245.0,120931.0,25564,58256,0,0,0.0
20160202,120842.0,121210.0,120219.0,120856.0,22263,57950,0,0,0.0
20160203,120990.0,123437.0,120884.0,122641.0,42326,59059,0,0,0.0
20160204,122751.0,124237.0,122336.0,124155.0,41793,57884,0,0,0.0
20160205,124006.0,124729.0,123420.0,124302.0,35204,55405,0,0,0.0
20160208,124264.0,125259.0,123567.0,125114.0,31495,54092,0,0,0.0
20160209,124817.0,127142.0,124774.0,126752.0,44261,53368,0,0,0.0
20160210,126688.0,126933.0,125488.0,126654.0,35391,52250,0,0,0.0
20160211,126614.0,127548.0,126214.0,126703.0,41475,51440,0,0,0.0
20160212,126701.0,126847.0,125845.0,126297.0,25670,49617,0,0,0.0
20160216,126048.0,126096.0,124491.0,124659.0,29125,48948,0,0,0.0
20160217,124658.0,125050.0,123912.0,124327.0,19279,47987,0,0,0.0
20160218,124141.0,124384.0,123556.0,123835.0,15846,47389,0,0,0.0
20160219,123969.0,124581.0,123581.0,124536.0,18219,47125,0,0,0.0
20160222,124301.0,124397.0,123113.0,123269.0,21668,46621,0,0,0.0
20160223,123194.0,124483.0,123138.0,124093.0,21145,47533,0,0,0.0
20160224,124190.0,125025.0,123741.0,124684.0,23862,47160,0,0,0.0
20160225,124546.0,124693.0,123717.0,124561.0,17311,46561,0,0,0.0
20160226,124325.0,124780.0,123274.0,123453.0,19629,46294,0,0,0.0
20160229,123426.0,123794.0,122670.0,123330.0,23705,46814,0,0,0.0
20160301,123365.0,123647.0,123015.0,123502.0,16643,46421,0,0,0.0
20160302,123487.0,123695.0,123015.0,123588.0,16077,45873,0,0,0.0
20160303,123512.0,124471.0,123335.0,124216.0,20636,45010,0,0,0.0
20160304,124140.0,124632.0,123237.0,123736.0,24210,45117,0,0,0.0
20160307,123856.0,124004.0,122942.0,123760.0,17253,44695,201606,201606,0.0
20160308,123659.0,124237.0,123372.0,123453.0,8185,4046,0,0,638.0
20160309,123463.0,123747.0,122319.0,123305.0,14485,10221,0,0,0.0
20160310,123378.0,125352.0,121817.0,125155.0,40763,20667,0,0,0.0
20160311,124957.0,125437.0,124302.0,125241.0,25105,37962,0,0,0.0
20160314,125006.0,125241.0,124388.0,124469.0,14828,39785,0,0,0.0
20160315,124480.0,124825.0,124217.0,124542.0,10705,40068,0,0,0.0
20160316,124552.0,126123.0,123996.0,125522.0,20560,40202,0,0,0.0
20160317,125729.0,127360.0,125564.0,127114.0,23798,40306,0,0,0.0
20160318,127112.0,127298.0,126469.0,126734.0,17819,40136,0,0,0.0
20160321,126769.0,127029.0,126274.0,126771.0,13321,39454,0,0,0.0
20160322,126622.0,126858.0,126224.0,126318.0,14126,38287,0,0,0.0
20160323,126353.0,126368.0,125796.0,125962.0,12497,37588,0,0,0.0
20160324,125986.0,126185.0,125686.0,125950.0,9509,37100,0,0,0.0
20160328,125729.0,126381.0,125281.0,126182.0,7655,36675,0,0,0.0
20160329,126145.0,127226.0,125820.0,127162.0,19348,36284,0,0,0.0
20160330,127125.0,128096.0,127033.0,127444.0,23957,35504,0,0,0.0
20160331,127321.0,128365.0,127106.0,127897.0,24565,36228,0,0,0.0
20160401,127761.0,128573.0,127596.0,128117.0,18891,36144,0,0,0.0
20160404,128202.0,128328.0,127717.0,128105.0,15624,36121,0,0,0.0
20160405,128068.0,128659.0,127840.0,128460.0,16111,35592,0,0,0.0
20160406,128424.0,128879.0,127620.0,128522.0,21010,36306,0,0,0.0
20160407,128460.0,128977.0,128134.0,128522.0,20406,36409,0,0,0.0
20160408,128424.0,128928.0,128121.0,128754.0,15836,37041,0,0,0.0
20160411,128754.0,129222.0,128268.0,128718.0,16764,37532,0,0,0.0
20160412,128656.0,129283.0,127950.0,128571.0,18142,38738,0,0,0.0
20160413,128473.0,128573.0,126910.0,126966.0,22175,39628,0,0,0.0
20160414,126954.0,127373.0,126665.0,126954.0,18490,40905,0,0,0.0
20160415,126941.0,127238.0,126677.0,126819.0,16265,40899,0,0,0.0
20160418,126965.0,127507.0,126799.0,127247.0,14445,41446,0,0,0.0
20160419,127283.0,128071.0,127166.0,127787.0,17314,42352,0,0,0.0
20160420,127626.0,127813.0,126064.0,126366.0,24661,43082,0,0,0.0
20160421,126266.0,127201.0,125795.0,125950.0,30669,43162,0,0,0.0
20160422,125813.0,126087.0,125220.0,125374.0,19838,43051,0,0,0.0
20160425,125397.0,126037.0,125330.0,125705.0,14963,43972,0,0,0.0
20160426,125802.0,126479.0,125599.0,125913.0,18483,43276,0,0,0.0
20160427,126010.0,126772.0,125758.0,126378.0,15686,42733,0,0,0.0
20160428,126304.0,127042.0,126016.0,126917.0,17918,42028,0,0,0.0
20160429,126892.0,128230.0,126800.0,127897.0,23842,41785,0,0,0.0
20160502,127945.0,128671.0,127706.0,128485.0,16467,40855,0,0,0.0
20160503,128448.0,129908.0,128380.0,128583.0,30525,40288,0,0,0.0
20160504,128448.0,128671.0,127878.0,128289.0,17785,41458,0,0,0.0
20160505,128068.0,128181.0,126458.0,126575.0,21691,41797,0,0,0.0
20160506,126733.0,127116.0,126030.0,126183.0,21058,41517,0,0,0.0
20160509,126023.0,126638.0,125932.0,126294.0,15188,42177,0,0,0.0
20160510,126220.0,126455.0,125576.0,125669.0,17268,41846,0,0,0.0
20160511,125619.0,126442.0,125589.0,126269.0,13696,42497,0,0,0.0
20160512,126293.0,126883.0,126030.0,126294.0,16243,42714,0,0,0.0
20160513,126256.0,126381.0,125258.0,125731.0,21711,42499,0,0,0.0
20160516,125619.0,125792.0,125270.0,125339.0,10005,43970,0,0,0.0
20160517,125362.0,125719.0,124953.0,125081.0,18578,43459,0,0,0.0
20160518,125031.0,125118.0,124034.0,124260.0,23301,44544,0,0,0.0
20160519,124039.0,124285.0,123507.0,123770.0,23340,46947,0,0,0.0
20160520,123733.0,123869.0,123435.0,123698.0,14762,49488,0,0,0.0
20160523,123709.0,124004.0,123484.0,123845.0,15362,50378,0,0,0.0
20160524,123820.0,123906.0,123313.0,123440.0,16354,51983,0,0,0.0
20160525,123379.0,123844.0,123337.0,123685.0,15822,51384,0,0,0.0
20160526,123587.0,124126.0,123166.0,123820.0,20160,52525,0,0,0.0
20160527,123845.0,123942.0,123129.0,123538.0,15614,54932,0,0,0.0
