Date,Open,High,Low,Close,Volume,OI,P,R,RINFO
20140603,50200.0,50600.0,49850.0,49960.0,4848,149085,0,0,0.0
20140604,50150.0,50150.0,49620.0,49650.0,3794,148076,0,0,0.0
20140605,49490.0,49490.0,49030.0,49060.0,3870,143057,0,0,0.0
20140606,49150.0,49150.0,48650.0,48760.0,4043,135215,0,0,0.0
20140609,48370.0,48700.0,48200.0,48220.0,5911,122916,0,0,0.0
20140610,48840.0,48840.0,48400.0,48450.0,5641,115599,0,0,0.0
20140611,48670.0,49060.0,48200.0,48230.0,5003,110799,0,0,0.0
20140612,48180.0,48180.0,46780.0,46920.0,6418,96522,0,0,0.0
20140613,47200.0,47240.0,46790.0,46790.0,4803,84611,0,0,0.0
20140616,47120.0,47120.0,46200.0,46240.0,7829,73984,0,0,0.0
20140617,45690.0,45700.0,45000.0,45070.0,6187,66182,0,0,0.0
20140618,45350.0,45350.0,45070.0,45320.0,10388,59522,0,0,0.0
20140619,45580.0,45580.0,45020.0,45120.0,8983,54379,201408,201408,0.0
20140620,44580.0,44580.0,44400.0,44400.0,7604,50063,0,0,-430.0
20140623,43772.0,44186.0,43774.0,44188.0,11220,52351,0,0,0.0
20140624,43722.0,43772.0,43703.0,43734.0,7571,54566,0,0,0.0
20140625,43954.0,44176.0,43955.0,44128.0,8502,57218,0,0,0.0
20140626,45085.0,45085.0,44934.0,45017.0,5375,59656,0,0,0.0
20140627,45156.0,45156.0,45035.0,45158.0,2948,61043,0,0,0.0
20140630,45489.0,45499.0,43116.0,43492.0,4357,57662,0,0,0.0
20140701,42682.0,43490.0,42682.0,43421.0,4354,58131,0,0,0.0
20140702,43470.0,43520.0,42914.0,43088.0,3706,54999,0,0,0.0
20140703,42915.0,42914.0,42157.0,42179.0,1782,52186,0,0,0.0
20140707,41602.0,41601.0,41198.0,41270.0,3822,50974,0,0,0.0
20140708,40905.0,40904.0,40441.0,40583.0,2960,51063,0,0,0.0
20140709,40723.0,41096.0,40673.0,41007.0,3792,50067,0,0,0.0
20140710,41147.0,41146.0,40239.0,40320.0,3621,51118,0,0,0.0
20140711,39128.0,39177.0,39128.0,39159.0,6707,46491,0,0,0.0
20140714,39431.0,39429.0,39178.0,39240.0,4270,45084,0,0,0.0
20140715,38462.0,38571.0,38168.0,38281.0,5227,42749,0,0,0.0
20140716,38755.0,38773.0,38673.0,38746.0,2105,42416,0,0,0.0
20140717,38997.0,38995.0,38320.0,38423.0,5934,40432,0,0,0.0
20140718,38654.0,38652.0,38219.0,38403.0,3538,39276,0,0,0.0
20140721,38290.0,38814.0,38290.0,38443.0,5157,37154,201412,201412,0.0
20140722,39128.0,39127.0,38351.0,38393.0,6180,157025,0,0,-3850.0
20140723,38758.0,38959.0,38834.0,39022.0,5849,158732,0,0,0.0
20140724,39330.0,39329.0,39328.0,39325.0,67864,158469,0,0,0.0
20140725,38960.0,39318.0,39047.0,39347.0,75168,159441,0,0,0.0
20140728,39633.0,40080.0,39721.0,40145.0,80216,157809,0,0,0.0
20140729,39498.0,39800.0,39586.0,39808.0,6327,158245,0,0,0.0
20140730,39487.0,39486.0,39159.0,39168.0,3834,157974,0,0,0.0
20140731,39196.0,39217.0,39047.0,39190.0,1586,159617,0,0,0.0
20140801,38512.0,38567.0,38395.0,38471.0,2604,160058,0,0,0.0
20140804,39050.0,39184.0,38856.0,39078.0,1801,160655,0,0,0.0
20140805,38478.0,38567.0,38541.0,38606.0,1732,159843,0,0,0.0
20140806,38321.0,39038.0,38395.0,39123.0,2106,160492,0,0,0.0
20140807,39095.0,39094.0,38901.0,39044.0,2863,159158,0,0,0.0
20140808,39039.0,39307.0,39047.0,39392.0,2010,159619,0,0,0.0
20140811,39308.0,39632.0,39103.0,39212.0,3404,160366,0,0,0.0
20140812,39050.0,39049.0,38294.0,38594.0,7334,159916,0,0,0.0
20140813,38770.0,38769.0,38373.0,38437.0,3850,159912,0,0,0.0
20140814,38624.0,39386.0,38598.0,39448.0,5694,166155,0,0,0.0
20140815,39857.0,39891.0,39722.0,39718.0,3341,166653,0,0,0.0
20140818,39801.0,39813.0,39834.0,39898.0,5758,166681,0,0,0.0
20140819,39498.0,39578.0,39587.0,39628.0,5399,166455,0,0,0.0
20140820,39083.0,39096.0,38621.0,38673.0,6179,161571,0,0,0.0
20140821,39016.0,39018.0,38879.0,38931.0,9198,161842,0,0,0.0
20140822,39240.0,39713.0,39272.0,39628.0,6261,164818,0,0,0.0
20140825,39072.0,39085.0,38429.0,38617.0,4325,162370,0,0,0.0
20140826,38276.0,38513.0,38339.0,38595.0,6192,161439,0,0,0.0
20140827,38399.0,38648.0,38463.0,38674.0,3918,163561,0,0,0.0
20140828,38982.0,39130.0,39070.0,39168.0,3675,165990,0,0,0.0
20140829,39352.0,39410.0,37643.0,39404.0,2805,168331,0,0,0.0
20140902,39924.0,40419.0,39969.0,40449.0,2805,168331,0,0,0.0
20140903,39745.0,39746.0,39070.0,39370.0,2031,171378,0,0,0.0
20140904,38725.0,38737.0,38340.0,38370.0,4739,167383,0,0,0.0
20140905,38534.0,39174.0,38621.0,39224.0,3147,168130,0,0,0.0
20140908,38411.0,38692.0,38475.0,38471.0,3321,166901,0,0,0.0
20140909,38288.0,38288.0,37981.0,38055.0,5502,165044,0,0,0.0
20140910,38086.0,38086.0,37891.0,37886.0,4476,164596,0,0,0.0
20140911,37604.0,37727.0,36745.0,36987.0,5625,164682,0,0,0.0
20140912,36886.0,36886.0,36756.0,36841.0,3969,164644,0,0,0.0
20140915,36751.0,36751.0,36711.0,36740.0,1934,165164,0,0,0.0
20140916,36628.0,36628.0,36576.0,36639.0,4459,163873,0,0,0.0
20140917,36639.0,36662.0,36385.0,36426.0,4475,163018,0,0,0.0
20140918,35989.0,35989.0,35992.0,35988.0,5042,159625,0,0,0.0
20140919,35395.0,35451.0,35419.0,35437.0,3163,159507,0,0,0.0
20140922,34823.0,34868.0,34868.0,34886.0,6420,162283,0,0,0.0
20140923,34688.0,34689.0,34610.0,34706.0,10799,161318,0,0,0.0
20140924,34598.0,34599.0,34610.0,34605.0,6130,160997,0,0,0.0
20140925,34486.0,34487.0,34149.0,34144.0,5777,162606,0,0,0.0
20140926,33869.0,33938.0,33823.0,33829.0,5745,165029,0,0,0.0
20140929,33712.0,34106.0,33778.0,34144.0,6434,170167,0,0,0.0
20140930,33701.0,33770.0,33486.0,33582.0,4174,170015,0,0,0.0
20141001,33353.0,33568.0,33261.0,33548.0,14938,169595,0,0,0.0
20141002,33431.0,33781.0,33497.0,33851.0,4215,168552,0,0,0.0
20141003,33599.0,33602.0,33531.0,33570.0,4324,167709,0,0,0.0
20141006,34249.0,34633.0,34329.0,34705.0,4291,169666,0,0,0.0
20141007,34630.0,35429.0,34711.0,35121.0,3843,166894,0,0,0.0
20141008,34966.0,34969.0,34778.0,34806.0,1693,164351,0,0,0.0
20141009,35078.0,35182.0,35070.0,35222.0,3077,161600,0,0,0.0
20141010,35235.0,35350.0,34901.0,34941.0,3857,160679,0,0,0.0
20141013,34977.0,35653.0,35058.0,35716.0,1908,159514,0,0,0.0
20141014,36076.0,36326.0,36047.0,36401.0,7660,159381,0,0,0.0
20141015,36345.0,36774.0,36429.0,36772.0,3470,155572,0,0,0.0
20141016,37040.0,37559.0,37126.0,37592.0,5358,148956,0,0,0.0
20141017,37040.0,37054.0,37092.0,37131.0,2391,145782,0,0,0.0
20141020,36962.0,37054.0,36957.0,37007.0,4333,142572,0,0,0.0
20141021,37074.0,38489.0,37137.0,38524.0,5754,138701,0,0,0.0
20141022,39182.0,39184.0,37957.0,37973.0,4754,132568,0,0,0.0
20141023,38173.0,39554.0,38260.0,39591.0,5347,133347,0,0,0.0
20141024,39922.0,39924.0,39114.0,39344.0,5305,125836,0,0,0.0
20141027,39249.0,42379.0,39339.0,42332.0,5143,127673,0,0,0.0
20141028,42153.0,43276.0,42081.0,42141.0,9539,123769,0,0,0.0
20141029,42646.0,44790.0,42744.0,44624.0,6029,124448,0,0,0.0
20141030,43319.0,43321.0,42587.0,42692.0,8557,120231,0,0,0.0
20141031,43084.0,44173.0,43115.0,43703.0,7269,120502,0,0,0.0
20141103,42804.0,43388.0,41778.0,41872.0,5003,115478,0,0,0.0
20141104,41335.0,41762.0,40969.0,41850.0,6248,117729,0,0,0.0
20141105,41761.0,42154.0,41463.0,42165.0,3449,117019,0,0,0.0
20141106,43263.0,44060.0,43205.0,44008.0,3432,116251,0,0,0.0
20141107,43016.0,44060.0,43115.0,43862.0,3450,112079,0,0,0.0
20141110,44003.0,44105.0,42800.0,42795.0,2306,109507,0,0,0.0
20141111,42994.0,45181.0,43092.0,45008.0,6413,106668,0,0,0.0
20141112,46256.0,46414.0,44103.0,44379.0,7752,97793,0,0,0.0
20141113,45169.0,45506.0,44215.0,44210.0,3633,91999,0,0,0.0
20141114,42938.0,43387.0,42361.0,42682.0,3510,87441,0,0,0.0
20141117,41985.0,43398.0,42080.0,43491.0,10707,78669,0,0,0.0
20141118,43005.0,43073.0,42473.0,42469.0,11770,69229,0,0,0.0
20141119,41873.0,42098.0,41585.0,41615.0,8887,64361,0,0,0.0
20141120,41649.0,42020.0,41461.0,41660.0,8400,55415,201501,201501,0.0
20141121,42041.0,42267.0,42135.0,42211.0,8996,128838,0,0,-850.0
20141124,41594.0,41590.0,41687.0,41682.0,10314,130055,0,0,0.0
20141125,42787.0,42989.0,42883.0,43084.0,8817,133952,0,0,0.0
20141126,42867.0,43299.0,42963.0,43302.0,94045,132782,0,0,0.0
20141128,43360.0,43700.0,41802.0,42107.0,1174,129108,0,0,0.0
20141201,42041.0,42037.0,41561.0,41613.0,2741,124094,0,0,0.0
20141202,41467.0,41842.0,41136.0,41142.0,2916,122818,0,0,0.0
20141203,40435.0,40672.0,40412.0,40671.0,1982,119920,0,0,0.0
20141204,40836.0,41039.0,40929.0,41131.0,2051,119889,0,0,0.0
20141205,41306.0,42094.0,41400.0,42120.0,5432,114886,0,0,0.0
20141208,42476.0,42507.0,42492.0,42545.0,990,108248,0,0,0.0
20141209,42923.0,43046.0,42653.0,43143.0,1965,99867,0,0,0.0
20141210,43256.0,43252.0,42193.0,42430.0,3158,88280,0,0,0.0
20141211,42075.0,43000.0,42101.0,42706.0,2573,82005,0,0,0.0
20141212,42878.0,42874.0,41929.0,42189.0,2325,73418,0,0,0.0
20141215,42224.0,42633.0,41998.0,42005.0,2714,68533,0,0,0.0
20141216,41501.0,41601.0,40906.0,40993.0,6793,58829,0,0,0.0
20141217,41180.0,41326.0,40814.0,41303.0,7248,54140,0,0,0.0
20141218,41467.0,42094.0,41561.0,41993.0,6260,49645,0,0,0.0
20141219,41478.0,41807.0,41572.0,41786.0,4282,42960,201503,201503,0.0
20141222,41811.0,41899.0,41825.0,41901.0,6162,176425,0,0,-730.0
20141223,41671.0,42016.0,41766.0,42030.0,7767,179799,0,0,0.0
20141224,41694.0,41688.0,41731.0,41725.0,1439,182012,0,0,0.0
20141226,41764.0,42367.0,41825.0,42441.0,1229,184263,0,0,0.0
20141229,42642.0,43151.0,42001.0,42030.0,2493,184839,0,0,0.0
20141231,40921.0,40916.0,40710.0,40775.0,1379,183746,0,0,0.0
20150102,40312.0,40307.0,39912.0,39930.0,1434,181300,0,0,0.0
20150105,40464.0,41454.0,40557.0,41525.0,2285,180606,0,0,0.0
20150106,41670.0,41840.0,41378.0,41654.0,1620,179677,0,0,0.0
20150107,41155.0,41489.0,41249.0,41525.0,1894,177137,0,0,0.0
20150108,41448.0,41442.0,40709.0,40727.0,3002,173640,0,0,0.0
20150109,40617.0,40869.0,40709.0,40950.0,2058,170528,0,0,0.0
20150112,40699.0,40939.0,39970.0,40023.0,2765,169423,0,0,0.0
20150113,40231.0,40319.0,39067.0,39132.0,3889,171060,0,0,0.0
20150114,38967.0,39324.0,38692.0,39355.0,3480,169592,0,0,0.0
20150115,38932.0,38926.0,38246.0,38323.0,4755,167864,0,0,0.0
20150116,38183.0,38271.0,38187.0,38264.0,3899,166875,0,0,0.0
20150120,37984.0,38236.0,37800.0,38299.0,4748,163706,0,0,0.0
20150121,38616.0,38716.0,38304.0,38768.0,5571,162272,0,0,0.0
20150122,39037.0,39032.0,38550.0,38721.0,4404,163685,0,0,0.0
20150123,38276.0,38903.0,38327.0,38885.0,6235,160668,0,0,0.0
20150126,38908.0,39711.0,38996.0,39753.0,4698,162205,0,0,0.0
20150127,39528.0,39524.0,39477.0,39483.0,2947,161673,0,0,0.0
20150128,39153.0,39676.0,39195.0,39577.0,4788,160072,0,0,0.0
20150129,39680.0,39676.0,39617.0,39636.0,5801,156012,0,0,0.0
20150130,39165.0,39161.0,38596.0,38698.0,4354,150981,0,0,0.0
20150202,38533.0,38529.0,38420.0,38463.0,2555,148286,0,0,0.0
20150203,39259.0,40109.0,39347.0,39953.0,8498,149813,0,0,0.0
20150204,39353.0,39500.0,38866.0,39026.0,80679,139014,0,0,0.0
20150205,38768.0,38774.0,38854.0,38862.0,3784,132396,0,0,0.0
20150206,38791.0,38786.0,38537.0,38639.0,6300,123561,0,0,0.0
20150209,38510.0,38727.0,38596.0,38662.0,2525,116269,0,0,0.0
20150210,38440.0,38434.0,38314.0,38345.0,2585,106593,0,0,0.0
20150211,38229.0,38621.0,38314.0,38662.0,95160,98357,0,0,0.0
20150212,38475.0,38761.0,38560.0,38768.0,2546,88973,0,0,0.0
20150213,39025.0,39206.0,38924.0,38979.0,4825,80925,0,0,0.0
20150217,39388.0,40072.0,39475.0,40152.0,4129,77209,0,0,0.0
20150218,39540.0,39674.0,39628.0,39718.0,6282,69881,0,0,0.0
20150219,40266.0,40926.0,40355.0,40762.0,6802,64481,201505,201505,0.0
20150220,40746.0,40739.0,40813.0,40832.0,9098,179797,0,0,-940.0
20150223,40602.0,40715.0,40692.0,40808.0,9121,183030,0,0,0.0
20150224,41649.0,41761.0,41681.0,41676.0,7133,190953,0,0,0.0
20150225,41060.0,41220.0,40813.0,40965.0,6148,192405,0,0,0.0
20150226,40819.0,41400.0,40861.0,41483.0,6943,193466,0,0,0.0
20150227,41348.0,41340.0,41066.0,41278.0,2404,193455,0,0,0.0
20150302,40085.0,40185.0,40150.0,40205.0,2075,188577,0,0,0.0
20150303,39929.0,40113.0,40017.0,40121.0,2955,182944,0,0,0.0
20150304,39460.0,39548.0,39378.0,39434.0,2077,183062,0,0,0.0
20150305,39472.0,39464.0,39185.0,39205.0,3605,184834,0,0,0.0
20150306,39123.0,39452.0,39209.0,39506.0,3902,184551,0,0,0.0
20150309,40085.0,40330.0,40174.0,40278.0,3911,185685,0,0,0.0
20150310,40181.0,40174.0,39885.0,39904.0,4675,185232,0,0,0.0
20150311,40061.0,40138.0,40078.0,40181.0,4475,183525,0,0,0.0
20150312,39977.0,39970.0,39849.0,39976.0,2588,182325,0,0,0.0
20150313,39640.0,39705.0,39367.0,39421.0,3596,179086,0,0,0.0
20150316,39291.0,39284.0,38969.0,39023.0,1521,177151,0,0,0.0
20150317,38858.0,38851.0,38246.0,38276.0,6757,172951,0,0,0.0
20150318,38437.0,38671.0,38439.0,38674.0,4722,169165,0,0,0.0
20150319,38690.0,38683.0,38367.0,38493.0,75018,164287,0,0,0.0
20150320,38895.0,39020.0,38946.0,39060.0,6024,164292,0,0,0.0
20150323,39460.0,39453.0,39464.0,39458.0,3794,163543,0,0,0.0
20150324,39039.0,39333.0,39066.0,39337.0,4533,164461,0,0,0.0
20150325,39280.0,39321.0,39066.0,39120.0,6811,162616,0,0,0.0
20150326,38775.0,38852.0,38837.0,38867.0,6164,157769,0,0,0.0
20150327,38787.0,38780.0,38704.0,38746.0,6348,152352,0,0,0.0
20150330,38883.0,39153.0,38813.0,38963.0,5934,150657,0,0,0.0
20150331,38799.0,39394.0,38885.0,39397.0,5205,154232,0,0,0.0
20150401,39328.0,39995.0,39283.0,40012.0,5880,151149,0,0,0.0
20150402,39557.0,39550.0,39404.0,39457.0,3445,143148,0,0,0.0
20150406,38835.0,38876.0,38922.0,38939.0,2546,140198,0,0,0.0
20150407,38679.0,38684.0,38524.0,38541.0,9591,134853,0,0,0.0
20150408,38523.0,38564.0,38464.0,38565.0,7246,127023,0,0,0.0
20150409,37958.0,37951.0,37560.0,37625.0,4807,117988,0,0,0.0
20150410,37188.0,37193.0,37174.0,37275.0,4807,117988,0,0,0.0
20150413,37152.0,37289.0,37053.0,37227.0,46679,105009,0,0,0.0
20150414,37152.0,37782.0,37234.0,37806.0,54846,95021,0,0,0.0
20150415,37729.0,38251.0,37511.0,37553.0,56916,84812,0,0,0.0
20150416,37476.0,37722.0,37198.0,37661.0,35401,78458,0,0,0.0
20150417,37536.0,37975.0,37608.0,37974.0,34027,74093,0,0,0.0
20150420,37777.0,38492.0,37825.0,38396.0,36393,66350,0,0,0.0
20150421,38258.0,38288.0,37825.0,38071.0,28112,61433,201507,201507,0.0
20150422,37993.0,38071.0,37632.0,37938.0,36259,169727,0,0,-90.0
20150423,37860.0,38300.0,37946.0,38083.0,39570,174880,0,0,0.0
20150424,38041.0,38083.0,37559.0,37877.0,46247,179691,0,0,0.0
20150427,37643.0,38204.0,37668.0,37962.0,44219,184968,0,0,0.0
20150428,37836.0,38662.0,37910.0,38385.0,62907,189267,0,0,0.0
20150429,38307.0,38976.0,38200.0,38977.0,59457,189104,0,0,0.0
20150430,38898.0,39169.0,38115.0,38215.0,58434,192825,0,0,0.0
20150501,38138.0,38300.0,37522.0,37707.0,39345,191135,0,0,0.0
20150504,37559.0,37938.0,37546.0,37840.0,37995,187927,0,0,0.0
20150505,37680.0,38107.0,37546.0,38106.0,42022,188377,0,0,0.0
20150506,38018.0,38348.0,37824.0,37985.0,33924,187820,0,0,0.0
20150507,38006.0,38143.0,37631.0,38009.0,32729,188353,0,0,0.0
20150508,37825.0,38010.0,37667.0,37888.0,30307,188740,0,0,0.0
20150511,37813.0,37998.0,37486.0,37501.0,34494,190456,0,0,0.0
20150512,37403.0,37660.0,36627.0,36679.0,65768,190838,0,0,0.0
20150513,36655.0,36852.0,36542.0,36558.0,40030,193977,0,0,0.0
20150514,36474.0,36768.0,36445.0,36534.0,37692,190565,0,0,0.0
20150515,36462.0,36708.0,36481.0,36667.0,38886,186854,0,0,0.0
20150518,36583.0,37263.0,36541.0,37235.0,41520,182792,0,0,0.0
20150519,37162.0,37215.0,36892.0,37126.0,40778,185170,0,0,0.0
20150520,37017.0,37058.0,36602.0,36812.0,38902,182981,0,0,0.0
20150521,36715.0,36961.0,36699.0,36764.0,31999,183276,0,0,0.0
20150522,36679.0,37142.0,36711.0,36776.0,44285,183384,0,0,0.0
20150526,36703.0,37166.0,36481.0,36498.0,61379,181964,0,0,0.0
20150527,36425.0,37226.0,36493.0,37248.0,55509,180541,0,0,0.0
20150528,37149.0,37564.0,36614.0,36849.0,65956,178597,0,0,0.0
20150529,36823.0,37130.0,36517.0,36958.0,51833,171892,0,0,0.0
20150601,36775.0,36780.0,35828.0,35858.0,67855,169200,0,0,0.0
20150602,35918.0,36732.0,35937.0,36487.0,56561,171578,0,0,0.0
20150603,36485.0,36756.0,36191.0,36596.0,52063,165523,0,0,0.0
20150604,36497.0,37118.0,36445.0,36959.0,43267,163888,0,0,0.0
20150605,36883.0,37094.0,36747.0,36862.0,44764,159828,0,0,0.0
20150608,36895.0,37625.0,36856.0,37418.0,55839,150717,0,0,0.0
20150609,37426.0,38228.0,37473.0,38264.0,55957,143964,0,0,0.0
20150610,38162.0,38409.0,37920.0,38010.0,58890,132645,0,0,0.0
20150611,37933.0,38168.0,37751.0,37889.0,42664,124013,0,0,0.0
20150612,37824.0,38964.0,37763.0,38373.0,58982,119798,0,0,0.0
20150615,38331.0,38385.0,37352.0,37865.0,64856,113742,0,0,0.0
20150616,37788.0,38831.0,37666.0,38784.0,59265,99615,0,0,0.0
20150617,38717.0,39277.0,38621.0,39135.0,54038,92172,0,0,0.0
20150618,39103.0,39603.0,38669.0,39486.0,42632,85858,0,0,0.0
20150619,39308.0,39543.0,38887.0,39063.0,29523,79249,201508,201508,0.0
20150622,39067.0,40508.0,39117.0,40405.0,22704,50036,0,0,-640.0
20150623,40261.0,40582.0,39672.0,40343.0,30745,55817,0,0,0.0
20150624,40273.0,40311.0,39758.0,39751.0,17507,62120,0,0,0.0
20150625,39719.0,40803.0,39696.0,40737.0,23046,62204,0,0,0.0
20150626,40679.0,42008.0,40708.0,41267.0,33677,64820,0,0,0.0
20150629,41134.0,41664.0,41066.0,41168.0,27988,64530,0,0,0.0
20150630,41109.0,43521.0,40943.0,43374.0,37169,67360,0,0,0.0
20150701,43324.0,43804.0,42769.0,43411.0,19746,62297,0,0,0.0
20150702,43447.0,43681.0,42942.0,43152.0,16209,61001,0,0,0.0
20150706,42844.0,43017.0,42412.0,42684.0,13746,59874,0,0,0.0
20150707,42622.0,42660.0,41980.0,42216.0,22269,60281,0,0,0.0
20150708,42277.0,42721.0,42079.0,42376.0,17046,59369,0,0,0.0
20150709,42314.0,44000.0,42350.0,43769.0,22549,59844,0,0,0.0
20150710,43717.0,45058.0,43386.0,43831.0,25767,58829,0,0,0.0
20150713,43729.0,43964.0,43386.0,43967.0,11109,57279,0,0,0.0
20150714,44061.0,44739.0,44003.0,44029.0,17105,55928,0,0,0.0
20150715,43963.0,44837.0,43806.0,44645.0,22993,54596,0,0,0.0
20150716,44714.0,45759.0,44447.0,44818.0,21299,55131,0,0,0.0
20150717,44788.0,44923.0,44250.0,44510.0,14682,53237,0,0,0.0
20150720,44296.0,44259.0,43720.0,43881.0,15862,49941,0,0,0.0
20150721,43890.0,44333.0,43893.0,44362.0,12685,46626,201512,201512,0.0
20150722,44308.0,44481.0,43807.0,44128.0,41369,184282,0,0,-1500.0
20150723,44231.0,44353.0,42892.0,43240.0,53001,184611,0,0,0.0
20150724,43216.0,43327.0,42776.0,42893.0,39640,181939,0,0,0.0
20150727,42497.0,42480.0,41217.0,41298.0,55812,183865,0,0,0.0
20150728,41149.0,41787.0,41269.0,41645.0,37475,181759,0,0,0.0
20150729,41650.0,42287.0,41539.0,41838.0,30673,181270,0,0,0.0
20150730,41753.0,42197.0,41642.0,42121.0,36205,180527,0,0,0.0
20150731,42190.0,42184.0,41487.0,41671.0,30292,178836,0,0,0.0
20150803,41599.0,41581.0,41049.0,41298.0,37088,178047,0,0,0.0
20150804,41214.0,41966.0,41255.0,41877.0,34423,178490,0,0,0.0
20150805,41830.0,42838.0,41925.0,42816.0,46257,177486,0,0,0.0
20150806,42690.0,42800.0,41951.0,41980.0,38744,177083,0,0,0.0
20150807,41855.0,42787.0,41925.0,42803.0,37621,174562,0,0,0.0
20150810,42767.0,44134.0,42852.0,44180.0,48946,175928,0,0,0.0
20150811,43923.0,43993.0,42659.0,42726.0,49950,178593,0,0,0.0
20150812,42652.0,43018.0,39709.0,40114.0,95149,177542,0,0,0.0
20150813,40071.0,41183.0,40186.0,41169.0,54033,174716,0,0,0.0
20150814,41124.0,41106.0,40328.0,40423.0,31404,170994,0,0,0.0
20150817,40186.0,40888.0,40251.0,40487.0,34731,169714,0,0,0.0
20150818,40327.0,40542.0,40006.0,40255.0,36527,168899,0,0,0.0
20150819,40160.0,40568.0,39890.0,40088.0,55857,168519,0,0,0.0
20150820,40096.0,41004.0,39916.0,41001.0,53861,169604,0,0,0.0
20150821,40854.0,41017.0,40470.0,40474.0,43334,169907,0,0,0.0
20150824,40263.0,41120.0,39452.0,40551.0,78255,169572,0,0,0.0
20150825,40404.0,41030.0,40508.0,40795.0,47510,170057,0,0,0.0
20150826,40635.0,40966.0,40328.0,40383.0,43256,168389,0,0,0.0
20150827,40365.0,40774.0,40328.0,40525.0,47551,166953,0,0,0.0
20150828,40481.0,40761.0,40135.0,40229.0,41469,166439,0,0,0.0
20150831,40083.0,40235.0,39736.0,40049.0,43940,165745,0,0,0.0
20150901,39942.0,39914.0,39401.0,39637.0,40723,164049,0,0,0.0
20150902,39595.0,40017.0,39388.0,39920.0,49633,162947,0,0,0.0
20150903,39852.0,40004.0,39324.0,39650.0,44480,166368,0,0,0.0
20150904,39582.0,39760.0,39479.0,39470.0,27317,168201,0,0,0.0
20150908,39543.0,39901.0,39492.0,39702.0,47716,168213,0,0,0.0
20150909,39453.0,39901.0,39544.0,39663.0,38075,168697,0,0,0.0
20150910,39594.0,39786.0,39415.0,39457.0,39186,168920,0,0,0.0
20150911,39427.0,39876.0,38964.0,39791.0,60525,169511,0,0,0.0
20150914,39787.0,40235.0,39801.0,40241.0,40119,171438,0,0,0.0
20150915,40236.0,40915.0,40355.0,40833.0,56660,174752,0,0,0.0
20150916,40763.0,40902.0,40458.0,40576.0,42831,179409,0,0,0.0
20150917,40480.0,40658.0,40188.0,40177.0,34486,181072,0,0,0.0
20150918,40069.0,40286.0,39608.0,39598.0,47082,179694,0,0,0.0
20150921,39555.0,39683.0,39479.0,39649.0,36972,174590,0,0,0.0
20150922,39504.0,39580.0,39028.0,39019.0,51907,173139,0,0,0.0
20150923,38952.0,39246.0,38848.0,38852.0,44439,170779,0,0,0.0
20150924,38836.0,38912.0,38616.0,38839.0,66080,171675,0,0,0.0
20150925,38862.0,39630.0,38938.0,39649.0,58431,173466,0,0,0.0
20150928,39568.0,39720.0,39028.0,39122.0,58509,176760,0,0,0.0
20150929,39041.0,39245.0,38925.0,39302.0,50376,175529,0,0,0.0
20150930,39234.0,40092.0,39273.0,39752.0,62849,174469,0,0,0.0
20151001,39658.0,39720.0,39106.0,39096.0,42882,174539,0,0,0.0
20151002,39054.0,39258.0,38784.0,38749.0,58645,173191,0,0,0.0
20151005,38707.0,39117.0,38771.0,39083.0,37534,169155,0,0,0.0
20151006,38835.0,39476.0,38913.0,39057.0,47579,170751,0,0,0.0
20151007,38989.0,39412.0,39016.0,39430.0,40477,170923,0,0,0.0
20151008,39387.0,39425.0,39029.0,39147.0,46083,165526,0,0,0.0
20151009,39079.0,39887.0,38900.0,39597.0,86674,160015,0,0,0.0
20151012,39490.0,39797.0,39544.0,39816.0,36836,163883,0,0,0.0
20151013,39734.0,40836.0,39802.0,40871.0,83846,161525,0,0,0.0
20151014,40749.0,40874.0,40652.0,40627.0,41350,165953,0,0,0.0
20151015,40544.0,40887.0,40343.0,40395.0,39816,163885,0,0,0.0
20151016,40236.0,40476.0,40021.0,40138.0,38162,161549,0,0,0.0
20151019,40056.0,40194.0,39931.0,39984.0,33767,161565,0,0,0.0
20151020,39876.0,40361.0,39828.0,39817.0,47376,161951,0,0,0.0
20151021,39748.0,40079.0,39751.0,39946.0,40867,162031,0,0,0.0
20151022,39902.0,40207.0,39622.0,39599.0,40986,160375,0,0,0.0
20151023,39542.0,39553.0,39184.0,39252.0,46319,157793,0,0,0.0
20151026,39170.0,39284.0,38707.0,38879.0,67377,152576,0,0,0.0
20151027,38798.0,39553.0,38720.0,39201.0,49671,138399,0,0,0.0
20151028,39119.0,39168.0,38488.0,38583.0,53657,134802,0,0,0.0
20151029,38515.0,38924.0,38411.0,38802.0,54200,131625,0,0,0.0
20151030,38785.0,39283.0,38849.0,39162.0,43061,128209,0,0,0.0
20151102,39183.0,39360.0,38836.0,38879.0,33683,126830,0,0,0.0
20151103,38849.0,39155.0,38772.0,38763.0,36136,126109,0,0,0.0
20151104,38785.0,38975.0,38682.0,38827.0,34766,125176,0,0,0.0
20151105,38721.0,38821.0,38154.0,38132.0,51741,124765,0,0,0.0
20151106,38130.0,38192.0,37871.0,38042.0,39690,125794,0,0,0.0
20151109,37976.0,38128.0,37948.0,37952.0,26034,121379,0,0,0.0
20151110,37886.0,37948.0,37381.0,37592.0,52151,117876,0,0,0.0
20151111,37514.0,37756.0,37510.0,37824.0,33480,111770,0,0,0.0
20151112,37732.0,37756.0,37484.0,37490.0,39536,104352,0,0,0.0
20151113,37385.0,37384.0,37136.0,37155.0,34932,99370,0,0,0.0
20151116,36987.0,37166.0,37059.0,37155.0,37414,94676,0,0,0.0
20151117,37051.0,37204.0,37085.0,37116.0,37655,87206,0,0,0.0
20151118,37064.0,37191.0,36505.0,36743.0,57288,82379,0,0,0.0
20151119,36692.0,36922.0,36647.0,36872.0,38008,74213,201601,201601,0.0
20151120,36846.0,36973.0,36415.0,36422.0,44468,111039,0,0,-10.0
20151123,36332.0,36742.0,35912.0,36795.0,58551,116127,0,0,0.0
20151124,36769.0,36832.0,36556.0,36538.0,47024,122645,0,0,0.0
20151125,36474.0,36806.0,36543.0,36744.0,46521,126364,0,0,0.0
20151127,36680.0,36716.0,36530.0,36525.0,28584,130482,0,0,0.0
20151130,36449.0,36703.0,36375.0,36718.0,33146,130954,0,0,0.0
20151201,36655.0,37422.0,36607.0,36860.0,44842,130577,0,0,0.0
20151202,36848.0,37024.0,36762.0,36899.0,43308,130968,0,0,0.0
20151203,36784.0,37011.0,36517.0,36989.0,40733,128787,0,0,0.0
20151204,36900.0,37049.0,36659.0,36667.0,44590,127496,0,0,0.0
20151207,36592.0,36651.0,35757.0,35779.0,57503,126848,0,0,0.0
20151208,35860.0,35907.0,35345.0,35444.0,51766,120603,0,0,0.0
20151209,35397.0,35766.0,35319.0,35650.0,52603,111183,0,0,0.0
20151210,35641.0,35728.0,35242.0,35238.0,51722,102123,0,0,0.0
20151211,35204.0,35523.0,35049.0,35225.0,43096,93957,0,0,0.0
20151214,35191.0,35433.0,35204.0,35457.0,31895,86306,0,0,0.0
20151215,35397.0,35472.0,34985.0,34981.0,39688,83366,0,0,0.0
20151216,34922.0,35036.0,34521.0,34736.0,37678,76788,0,0,0.0
20151217,34639.0,35447.0,34328.0,35508.0,49164,70076,0,0,0.0
20151218,35410.0,36307.0,35449.0,36164.0,42625,62285,0,0,0.0
20151221,36168.0,36294.0,35848.0,35907.0,34784,52848,201603,201603,0.0
20151222,35834.0,36114.0,35655.0,35650.0,33171,167351,0,0,160.0
20151223,35668.0,35731.0,35104.0,35087.0,36926,169092,0,0,0.0
20151228,34505.0,34570.0,34374.0,34434.0,36522,174258,0,0,0.0
20151229,34377.0,34685.0,34425.0,34549.0,28959,180608,0,0,0.0
20151230,34479.0,34583.0,34220.0,34242.0,33163,183356,0,0,0.0
20151231,34134.0,34226.0,33951.0,33973.0,23819,186890,0,0,0.0
20160104,33917.0,34073.0,33797.0,33832.0,33221,188488,0,0,0.0
20160105,33853.0,34379.0,33951.0,34075.0,41648,190498,0,0,0.0
20160106,34045.0,34532.0,33887.0,34382.0,41020,191959,0,0,0.0
20160107,34390.0,34392.0,34079.0,34216.0,39609,192701,0,0,0.0
20160108,34288.0,34596.0,34322.0,34382.0,35287,190583,0,0,0.0
20160111,34390.0,34583.0,34168.0,34536.0,37532,189131,0,0,0.0
20160112,34479.0,35374.0,34424.0,35265.0,65150,192240,0,0,0.0
20160113,35271.0,35285.0,35065.0,35252.0,41365,188374,0,0,0.0
20160114,35143.0,35221.0,34847.0,35086.0,41724,186415,0,0,0.0
20160115,35015.0,34979.0,34347.0,34638.0,47003,188309,0,0,0.0
20160119,34581.0,34890.0,34603.0,34715.0,39765,190143,0,0,0.0
20160120,34696.0,34686.0,34424.0,34523.0,37608,185635,0,0,0.0
20160121,34479.0,34941.0,34462.0,34830.0,52382,183701,0,0,0.0
20160122,34837.0,35018.0,34347.0,34357.0,47309,182721,0,0,0.0
20160125,34415.0,34903.0,34385.0,34869.0,47479,182625,0,0,0.0
20160126,34849.0,34890.0,34539.0,34536.0,40091,178149,0,0,0.0
20160127,34491.0,34890.0,34526.0,34869.0,42862,174694,0,0,0.0
20160128,34823.0,34890.0,34078.0,34152.0,64851,171887,0,0,0.0
20160129,34159.0,34801.0,34155.0,34856.0,56136,171050,0,0,0.0
20160201,34836.0,34827.0,34475.0,34677.0,35558,167719,0,0,0.0
20160202,34568.0,35082.0,34501.0,35138.0,54500,163076,0,0,0.0
20160203,35079.0,35056.0,34488.0,34562.0,49479,159033,0,0,0.0
20160204,34606.0,34775.0,34232.0,34242.0,53395,155795,0,0,0.0
20160205,34184.0,34341.0,33848.0,33909.0,64226,153249,0,0,0.0
20160208,33852.0,33971.0,33733.0,33845.0,42162,144813,0,0,0.0
20160209,33775.0,33843.0,33515.0,33666.0,50018,136139,0,0,0.0
20160210,33634.0,33639.0,33400.0,33397.0,43489,131682,0,0,0.0
20160211,33340.0,33779.0,33362.0,33742.0,57604,125167,0,0,0.0
20160212,33685.0,33779.0,33439.0,33524.0,37109,116498,0,0,0.0
20160216,33596.0,34098.0,33657.0,33882.0,58884,107165,0,0,0.0
20160217,33813.0,33996.0,33734.0,33728.0,39673,99895,0,0,0.0
20160218,33749.0,33817.0,33632.0,33715.0,37081,94068,0,0,0.0
20160219,33660.0,33919.0,33722.0,33843.0,58066,87381,201605,201605,0.0
20160222,33954.0,34225.0,33850.0,33856.0,49013,163184,0,0,150.0
20160223,33776.0,33755.0,33468.0,33627.0,54468,169921,0,0,0.0
20160224,33585.0,33831.0,33595.0,33665.0,51702,179626,0,0,0.0
20160225,33598.0,33691.0,33442.0,33423.0,52179,182678,0,0,0.0
20160226,33407.0,33463.0,32983.0,33156.0,58352,185756,0,0,0.0
20160229,33140.0,33400.0,33047.0,33398.0,38647,191874,0,0,0.0
20160301,33381.0,33502.0,33225.0,33271.0,41622,190513,0,0,0.0
20160302,33254.0,33730.0,33276.0,33653.0,43845,192563,0,0,0.0
20160303,33546.0,33755.0,33429.0,33704.0,27827,187551,0,0,0.0
20160304,33698.0,34389.0,33747.0,34467.0,66578,186058,0,0,0.0
20160307,34574.0,34757.0,34435.0,34492.0,50571,178666,0,0,0.0
20160308,34383.0,34694.0,34231.0,34708.0,41872,169396,0,0,0.0
20160309,34637.0,34643.0,34333.0,34517.0,47416,167021,0,0,0.0
20160310,34459.0,34554.0,34269.0,34593.0,34779,163220,0,0,0.0
20160311,34472.0,34820.0,34498.0,34797.0,37661,160441,0,0,0.0
20160314,34663.0,34680.0,34447.0,34543.0,38381,159190,0,0,0.0
20160315,34523.0,34502.0,33976.0,34123.0,53665,159107,0,0,0.0
20160316,34040.0,34020.0,33772.0,34059.0,35134,165518,0,0,0.0
20160317,34002.0,34363.0,33823.0,33970.0,53467,162858,0,0,0.0
20160318,33888.0,34109.0,33912.0,33919.0,29957,165615,0,0,0.0
20160321,33875.0,34223.0,33887.0,34199.0,34512,166395,0,0,0.0
20160322,34142.0,34693.0,34167.0,34479.0,58789,163881,0,0,0.0
20160323,34396.0,34541.0,34167.0,34466.0,29170,159526,0,0,0.0
20160324,34421.0,35099.0,34409.0,35026.0,59733,157117,0,0,0.0
20160328,34954.0,35048.0,34638.0,34619.0,35940,158026,0,0,0.0
20160329,34560.0,34705.0,34472.0,34759.0,39467,154363,0,0,0.0
20160330,34700.0,34921.0,34574.0,34594.0,40708,150269,0,0,0.0
20160331,34484.0,34883.0,34154.0,34390.0,72052,148734,0,0,0.0
20160401,34370.0,34642.0,34345.0,34644.0,37281,148925,0,0,0.0
20160404,34611.0,34756.0,34141.0,34122.0,44385,147956,0,0,0.0
20160405,34065.0,34286.0,34077.0,34186.0,48341,150999,0,0,0.0
20160406,34129.0,34172.0,33873.0,34084.0,46132,142049,0,0,0.0
20160407,34015.0,34109.0,33962.0,33944.0,35206,139595,0,0,0.0
20160408,33888.0,34794.0,33949.0,34822.0,84364,135392,0,0,0.0
20160411,34764.0,35619.0,34828.0,35636.0,76272,126902,0,0,0.0
20160412,35577.0,36279.0,35567.0,36272.0,93997,118475,0,0,0.0
20160413,36314.0,37256.0,36370.0,37239.0,81684,105837,0,0,0.0
20160414,37241.0,37484.0,36727.0,36908.0,57023,96292,0,0,0.0
20160415,36746.0,37700.0,36791.0,37646.0,45989,91576,0,0,0.0
20160418,37546.0,38043.0,37173.0,37277.0,55306,86256,0,0,0.0
20160419,37216.0,38766.0,37300.0,38816.0,58071,75128,0,0,0.0
20160420,38626.0,40504.0,38536.0,40572.0,63777,67848,0,0,0.0
20160421,40442.0,42090.0,40218.0,41374.0,60062,59796,201607,201607,0.0
20160422,41395.0,41354.0,39212.0,39644.0,104549,173991,0,0,300.0
20160425,39406.0,41279.0,38909.0,40261.0,114655,175999,0,0,0.0
20160426,40023.0,41141.0,39805.0,41156.0,87412,182155,0,0,0.0
20160427,41055.0,41330.0,40650.0,41370.0,80522,184636,0,0,0.0
20160428,41181.0,42738.0,41079.0,42013.0,98074,186556,0,0,0.0
20160429,41886.0,42436.0,41483.0,42189.0,57452,186968,0,0,0.0
20160502,42188.0,43731.0,41874.0,43764.0,65389,185820,0,0,0.0
20160503,43711.0,44435.0,42858.0,43071.0,87236,185882,0,0,0.0
20160504,42780.0,44033.0,42416.0,43474.0,63956,181562,0,0,0.0
20160505,43422.0,43995.0,42391.0,42441.0,61051,184157,0,0,0.0
20160506,42453.0,43329.0,42404.0,43197.0,51355,185562,0,0,0.0
20160509,43107.0,43430.0,42341.0,42806.0,46798,188966,0,0,0.0
20160510,42742.0,45228.0,42770.0,45326.0,77259,185144,0,0,0.0
20160511,45247.0,46196.0,45142.0,45616.0,67007,186075,0,0,0.0
20160512,45562.0,46234.0,45394.0,45918.0,58685,181853,0,0,0.0
20160513,45864.0,45983.0,45306.0,45742.0,43220,179355,0,0,0.0
20160516,45436.0,45820.0,45129.0,45515.0,34246,180471,0,0,0.0
20160517,45436.0,46625.0,45482.0,46510.0,52211,181959,0,0,0.0
20160518,46481.0,46939.0,46100.0,46964.0,62308,181370,0,0,0.0
20160519,46821.0,47593.0,46579.0,47644.0,69933,181946,0,0,0.0
20160520,47576.0,49718.0,47450.0,49484.0,97203,177608,0,0,0.0
20160523,49237.0,50083.0,48472.0,48854.0,63361,167864,0,0,0.0
20160524,48696.0,49655.0,47955.0,49005.0,61492,165231,0,0,0.0
20160525,49187.0,51340.0,49242.0,51311.0,70522,166835,0,0,0.0
20160526,51352.0,52786.0,50769.0,51613.0,75068,163429,0,0,0.0
20160527,51604.0,51604.0,50529.0,50731.0,52459,159691,0,0,0.0
