Date,Open,High,Low,Close,Volume,OI,P,R,RINFO
20140603,219671.8,219703.2,219609.4,219625.0,246878,1031176,0,0,0.0
20140604,219641.0,219703.0,219609.0,219641.0,354036,1036897,0,0,0.0
20140605,219657.0,219719.0,219625.0,219704.0,199482,1036848,0,0,0.0
20140606,219720.0,219766.0,219578.0,219595.0,210055,1033876,0,0,0.0
20140609,219595.0,219594.0,219484.0,219501.0,158826,1030643,0,0,0.0
20140610,219501.0,219531.0,219421.0,219439.0,199063,1031097,0,0,0.0
20140611,219423.0,219500.0,219405.0,219470.0,171368,1010343,0,0,0.0
20140612,219470.0,219578.0,219389.0,219532.0,258373,1008036,0,0,0.0
20140613,219454.0,219453.0,219280.0,219391.0,218076,1016807,0,0,0.0
20140616,219376.0,219390.0,219280.0,219313.0,240381,1021570,0,0,0.0
20140617,219298.0,219328.0,219186.0,219219.0,266906,1030773,0,0,0.0
20140618,219204.0,219422.0,219170.0,219250.0,298316,1043895,0,0,0.0
20140619,219360.0,219469.0,219311.0,219344.0,209686,1032309,0,0,0.0
20140620,219376.0,219422.0,219280.0,219344.0,154285,1017878,0,0,0.0
20140623,219392.0,219406.0,219327.0,219360.0,93649,1018590,0,0,0.0
20140624,219345.0,219406.0,219311.0,219360.0,162779,1033810,0,0,0.0
20140625,219407.0,219515.0,219373.0,219469.0,182619,1046643,0,0,0.0
20140626,219454.0,219562.0,219404.0,219547.0,192837,1067432,0,0,0.0
20140627,219548.0,219593.0,219513.0,219563.0,165554,1078662,0,0,0.0
20140630,219564.0,219609.0,219529.0,219594.0,158694,1076413,0,0,0.0
20140701,219580.0,219593.0,219513.0,219547.0,173546,1092864,0,0,0.0
20140702,219533.0,219546.0,219404.0,219438.0,156079,1087431,0,0,0.0
20140703,219455.0,219468.0,219248.0,219313.0,208158,1088862,0,0,0.0
20140707,219252.0,219296.0,219217.0,219297.0,131200,1092499,0,0,0.0
20140708,219283.0,219374.0,219264.0,219328.0,132964,1099414,0,0,0.0
20140709,219346.0,219468.0,219186.0,219359.0,276684,1122062,0,0,0.0
20140710,219455.0,219624.0,219420.0,219531.0,271762,1132746,0,0,0.0
20140711,219533.0,219608.0,219514.0,219578.0,161229,1135667,0,0,0.0
20140714,219564.0,219608.0,219498.0,219515.0,103210,1134965,0,0,0.0
20140715,219501.0,219577.0,219404.0,219437.0,199293,1149744,0,0,0.0
20140716,219423.0,219452.0,219357.0,219374.0,119341,1157926,0,0,0.0
20140717,219392.0,219561.0,219373.0,219468.0,179953,1159655,0,0,0.0
20140718,219564.0,219577.0,219404.0,219452.0,133867,1160768,0,0,0.0
20140721,219423.0,219436.0,219373.0,219374.0,97424,1162168,0,0,0.0
20140722,219392.0,219467.0,219342.0,219437.0,192952,1179973,0,0,0.0
20140723,219470.0,219514.0,219451.0,219484.0,150916,1184767,0,0,0.0
20140724,219501.0,219514.0,219373.0,219406.0,169894,1195461,0,0,0.0
20140725,219423.0,219436.0,219373.0,219422.0,88814,1196357,0,0,0.0
20140728,219423.0,219436.0,219373.0,219406.0,212630,1225313,0,0,0.0
20140729,219392.0,219420.0,219357.0,219422.0,212665,1258126,0,0,0.0
20140730,219408.0,219404.0,219185.0,219313.0,281414,1263322,0,0,0.0
20140731,219330.0,219435.0,219263.0,219422.0,278757,1291189,0,0,0.0
20140801,219424.0,219701.0,219404.0,219672.0,305271,1296721,0,0,0.0
20140804,219658.0,219685.0,219638.0,219672.0,170992,1291522,0,0,0.0
20140805,219689.0,219701.0,219607.0,219656.0,227364,1299115,0,0,0.0
20140806,219673.0,219748.0,219638.0,219687.0,236553,1307473,0,0,0.0
20140807,219689.0,219795.0,219654.0,219765.0,209948,1325415,0,0,0.0
20140808,219783.0,219873.0,219701.0,219749.0,265625,1309398,0,0,0.0
20140811,219721.0,219764.0,219685.0,219733.0,142052,1309256,0,0,0.0
20140812,219752.0,219780.0,219701.0,219749.0,175301,1297704,0,0,0.0
20140813,219752.0,219827.0,219717.0,219812.0,203626,1306294,0,0,0.0
20140814,219815.0,219905.0,219779.0,219828.0,258095,1314781,0,0,0.0
20140815,219815.0,219952.0,219748.0,219859.0,306020,1341134,0,0,0.0
20140818,219862.0,219858.0,219779.0,219843.0,150382,1357390,0,0,0.0
20140819,219831.0,219889.0,219795.0,219812.0,173987,1364927,0,0,0.0
20140820,219815.0,219811.0,219592.0,219640.0,353585,1381671,0,0,0.0
20140821,219627.0,219717.0,219608.0,219656.0,513282,1316291,201412,201412,0.0
20140822,219643.0,219686.0,219514.0,219578.0,364167,217325,0,0,-687.6
20140825,219565.0,219608.0,219514.0,219547.0,577897,344865,0,0,0.0
20140826,219518.0,219592.0,219514.0,219578.0,1509823,681399,0,0,0.0
20140827,219596.0,219655.0,219577.0,219594.0,1764950,1032372,0,0,0.0
20140828,219612.0,219671.0,219593.0,219672.0,757045,1190563,0,0,0.0
20140829,219659.0,219765.0,219624.0,219735.0,454747,1226018,0,0,0.0
20140902,219722.0,219765.0,219561.0,219563.0,454747,1226018,0,0,0.0
20140903,219581.0,219608.0,219483.0,219594.0,291662,1310526,0,0,0.0
20140904,219597.0,219686.0,219499.0,219531.0,376883,1321717,0,0,0.0
20140905,219534.0,219733.0,219421.0,219656.0,332052,1348275,0,0,0.0
20140908,219659.0,219702.0,219546.0,219562.0,168015,1354741,0,0,0.0
20140909,219534.0,219545.0,219389.0,219437.0,254564,1366754,0,0,0.0
20140910,219440.0,219435.0,219342.0,219390.0,347010,1437342,0,0,0.0
20140911,219362.0,219466.0,219342.0,219390.0,364349,1475538,0,0,0.0
20140912,219362.0,219419.0,219311.0,219390.0,236311,1497591,0,0,0.0
20140915,219393.0,219482.0,219374.0,219453.0,240838,1539779,0,0,0.0
20140916,219471.0,219576.0,219452.0,219531.0,282256,1544626,0,0,0.0
20140917,219518.0,219670.0,219358.0,219453.0,497629,1604294,0,0,0.0
20140918,219408.0,219435.0,219280.0,219406.0,347816,1639077,0,0,0.0
20140919,219408.0,219435.0,219311.0,219406.0,202674,1648583,0,0,0.0
20140922,219408.0,219545.0,219405.0,219531.0,166344,1658333,0,0,0.0
20140923,219486.0,219592.0,219483.0,219594.0,283007,1672020,0,0,0.0
20140924,219580.0,219592.0,219514.0,219531.0,224190,1657797,0,0,0.0
20140925,219517.0,219670.0,219514.0,219625.0,262899,1667625,0,0,0.0
20140926,219674.0,219686.0,219483.0,219531.0,326636,1665544,0,0,0.0
20140929,219549.0,219623.0,219514.0,219562.0,277116,1637875,0,0,0.0
20140930,219565.0,219639.0,219483.0,219531.0,303547,1607989,0,0,0.0
20141001,219628.0,219874.0,219577.0,219797.0,638947,1497907,0,0,0.0
20141002,219816.0,219905.0,219750.0,219766.0,329532,1473242,0,0,0.0
20141003,219800.0,219811.0,219593.0,219641.0,270615,1461887,0,0,0.0
20141006,219675.0,219827.0,219640.0,219798.0,166047,1464726,0,0,0.0
20141007,219769.0,219968.0,219734.0,219892.0,352059,1511884,0,0,0.0
20141008,219957.0,220187.0,219859.0,220127.0,379565,1488940,0,0,0.0
20141009,220130.0,220281.0,220110.0,220158.0,365751,1468826,0,0,0.0
20141010,220208.0,220281.0,220079.0,220221.0,223556,1456882,0,0,0.0
20141013,220286.0,220438.0,220267.0,220378.0,68211,1445508,0,0,0.0
20141014,220443.0,220548.0,220330.0,220503.0,352512,1429337,0,0,0.0
20141015,220521.0,221112.0,220471.0,220816.0,820702,1401324,0,0,0.0
20141016,220725.0,220971.0,220581.0,220659.0,468452,1384302,0,0,0.0
20141017,220615.0,220736.0,220487.0,220518.0,273564,1402800,0,0,0.0
20141020,220537.0,220642.0,220487.0,220628.0,242176,1395364,0,0,0.0
20141021,220615.0,220705.0,220550.0,220612.0,189622,1399171,0,0,0.0
20141022,220584.0,220642.0,220472.0,220549.0,176390,1410653,0,0,0.0
20141023,220600.0,220611.0,220425.0,220471.0,192990,1434936,0,0,0.0
20141024,220490.0,220595.0,220456.0,220502.0,171818,1420104,0,0,0.0
20141027,220521.0,220611.0,220472.0,220565.0,183087,1386035,0,0,0.0
20141028,220568.0,220595.0,220503.0,220549.0,184295,1380310,0,0,0.0
20141029,220537.0,220548.0,220252.0,220298.0,254726,1353724,0,0,0.0
20141030,220318.0,220391.0,220221.0,220314.0,276889,1324832,0,0,0.0
20141031,220349.0,220360.0,220205.0,220251.0,220365,1322570,0,0,0.0
20141103,220271.0,220282.0,220127.0,220188.0,145658,1313915,0,0,0.0
20141104,220177.0,220251.0,220158.0,220188.0,153286,1318988,0,0,0.0
20141105,220208.0,220204.0,220095.0,220141.0,153448,1315361,0,0,0.0
20141106,220161.0,220188.0,220017.0,220078.0,189095,1326896,0,0,0.0
20141107,220051.0,220266.0,219986.0,220251.0,281645,1343482,0,0,0.0
20141110,220239.0,220329.0,220096.0,220110.0,253112,1366217,0,0,0.0
20141111,220114.0,220141.0,220065.0,220063.0,44526,1377629,0,0,0.0
20141112,220083.0,220172.0,220065.0,220110.0,282454,1457808,0,0,0.0
20141113,220114.0,220219.0,220081.0,220204.0,172998,1426611,0,0,0.0
20141114,220208.0,220266.0,220081.0,220251.0,198062,1423546,0,0,0.0
20141117,220224.0,220329.0,220206.0,220267.0,217822,1427828,0,0,0.0
20141118,220287.0,220329.0,220253.0,220283.0,197457,1420861,0,0,0.0
20141119,220303.0,220298.0,220159.0,220236.0,322498,1400776,0,0,0.0
20141120,220240.0,220361.0,220237.0,220314.0,822256,1271157,0,0,0.0
20141121,220303.0,220361.0,220253.0,220345.0,708366,1145743,201503,201503,0.0
20141124,220366.0,220392.0,220284.0,220361.0,1368379,733962,0,0,-765.6
20141125,220382.0,220471.0,220315.0,220455.0,1902343,1042571,0,0,0.0
20141126,220429.0,220534.0,220409.0,220502.0,1016779,1272480,0,0,0.0
20141128,220492.0,220628.0,220472.0,220596.0,212905,1287676,0,0,0.0
20141201,220634.0,220770.0,220566.0,220596.0,365362,1327847,0,0,0.0
20141202,220603.0,220597.0,220393.0,220423.0,349078,1324727,0,0,0.0
20141203,220414.0,220424.0,220299.0,220313.0,307347,1327270,0,0,0.0
20141204,220320.0,220408.0,220299.0,220376.0,166361,1314504,0,0,0.0
20141205,220399.0,220408.0,219890.0,219920.0,415235,1315827,0,0,0.0
20141208,219911.0,219999.0,219796.0,219936.0,259063,1310693,0,0,0.0
20141209,219974.0,220188.0,219938.0,220015.0,348659,1301107,0,0,0.0
20141210,220068.0,220282.0,219985.0,220235.0,235543,1289374,0,0,0.0
20141211,220273.0,220329.0,220032.0,220109.0,240270,1296585,0,0,0.0
20141212,220147.0,220471.0,220111.0,220361.0,276776,1278461,0,0,0.0
20141215,220399.0,220471.0,220205.0,220219.0,219731,1258997,0,0,0.0
20141216,220257.0,220723.0,220236.0,220361.0,376206,1262159,0,0,0.0
20141217,220383.0,220566.0,220094.0,220157.0,365099,1265859,0,0,0.0
20141218,220100.0,220220.0,219984.0,220047.0,209127,1269019,0,0,0.0
20141219,220053.0,220126.0,219953.0,220000.0,201540,1239419,0,0,0.0
20141222,220037.0,220063.0,219937.0,219953.0,172422,1230649,0,0,0.0
20141223,219958.0,220000.0,219780.0,219843.0,177557,1231978,0,0,0.0
20141224,219832.0,219906.0,219764.0,219812.0,62995,1235785,0,0,0.0
20141226,219801.0,219874.0,219764.0,219812.0,36319,1233660,0,0,0.0
20141229,219801.0,219984.0,219780.0,219938.0,95132,1238660,0,0,0.0
20141231,220037.0,220094.0,219984.0,220048.0,88285,1238729,0,0,0.0
20150102,220005.0,220141.0,219905.0,220095.0,155339,1236907,0,0,0.0
20150105,220115.0,220141.0,219999.0,220126.0,166831,1234154,0,0,0.0
20150106,220131.0,220487.0,220125.0,220268.0,311168,1246072,0,0,0.0
20150107,220273.0,220393.0,220204.0,220362.0,312841,1227610,0,0,0.0
20150108,220352.0,220424.0,220251.0,220394.0,192039,1222255,0,0,0.0
20150109,220415.0,220660.0,220298.0,220536.0,314386,1231881,0,0,0.0
20150112,220588.0,220676.0,220534.0,220646.0,194940,1244352,0,0,0.0
20150113,220667.0,220786.0,220613.0,220756.0,250953,1242151,0,0,0.0
20150114,220730.0,221100.0,220723.0,220945.0,296451,1235308,0,0,0.0
20150115,220903.0,221305.0,220754.0,221134.0,370536,1262678,0,0,0.0
20150116,221233.0,221305.0,220927.0,220992.0,319406,1255274,0,0,0.0
20150120,221013.0,221116.0,220896.0,220961.0,183249,1247437,0,0,0.0
20150121,220950.0,221037.0,220849.0,220914.0,236526,1263145,0,0,0.0
20150122,220887.0,221021.0,220802.0,220820.0,291251,1281141,0,0,0.0
20150123,220856.0,221068.0,220818.0,220946.0,217476,1284368,0,0,0.0
20150126,221029.0,221037.0,220818.0,220836.0,198597,1269771,0,0,0.0
20150127,220872.0,221021.0,220849.0,220899.0,263595,1285640,0,0,0.0
20150128,220904.0,221115.0,220849.0,221056.0,278650,1317333,0,0,0.0
20150129,221093.0,221099.0,220943.0,221009.0,268112,1307132,0,0,0.0
20150130,221030.0,221304.0,220990.0,221229.0,290804,1309048,0,0,0.0
20150202,221282.0,221304.0,221179.0,221245.0,228802,1298964,0,0,0.0
20150203,221266.0,221288.0,221053.0,221103.0,260245,1309086,0,0,0.0
20150204,221062.0,221209.0,220943.0,221056.0,248790,1305854,0,0,0.0
20150205,221204.0,221225.0,220974.0,221025.0,252924,1313220,0,0,0.0
20150206,221031.0,221099.0,220455.0,220506.0,591983,1336607,0,0,0.0
20150209,220496.0,220659.0,220455.0,220522.0,303084,1345104,0,0,0.0
20150210,220496.0,220517.0,220392.0,220475.0,316225,1361019,0,0,0.0
20150211,220496.0,220548.0,220392.0,220491.0,270140,1368591,0,0,0.0
20150212,220449.0,220611.0,220376.0,220585.0,277743,1373766,0,0,0.0
20150213,220622.0,220643.0,220533.0,220569.0,203923,1395108,0,0,0.0
20150217,220559.0,220643.0,220344.0,220443.0,433570,1453764,0,0,0.0
20150218,220480.0,220800.0,220375.0,220742.0,461249,1429481,0,0,0.0
20150219,220747.0,220831.0,220627.0,220648.0,365936,1415872,0,0,0.0
20150220,220653.0,220815.0,220533.0,220554.0,566008,1356230,0,0,0.0
20150223,220606.0,220736.0,220549.0,220727.0,1633987,1057064,201506,201506,0.0
20150224,220748.0,221035.0,220596.0,221010.0,1982057,864973,0,0,-875.0
20150225,221001.0,221019.0,220896.0,220978.0,1474923,1144207,0,0,0.0
20150226,220969.0,221051.0,220770.0,220804.0,933267,1244340,0,0,0.0
20150227,220811.0,220940.0,220738.0,220915.0,547041,1293681,0,0,0.0
20150302,220953.0,220940.0,220706.0,220741.0,244326,1297832,0,0,0.0
20150303,220748.0,220782.0,220643.0,220646.0,255653,1298303,0,0,0.0
20150304,220685.0,220766.0,220643.0,220709.0,215274,1288962,0,0,0.0
20150305,220764.0,220829.0,220690.0,220820.0,265542,1281908,0,0,0.0
20150306,220827.0,221097.0,220358.0,220425.0,488119,1301648,0,0,0.0
20150309,220416.0,220592.0,220374.0,220583.0,316256,1312590,0,0,0.0
20150310,220590.0,220718.0,220532.0,220662.0,313456,1321231,0,0,0.0
20150311,220685.0,220702.0,220532.0,220662.0,305200,1337251,0,0,0.0
20150312,220685.0,220876.0,220643.0,220788.0,311175,1332479,0,0,0.0
20150313,220748.0,220876.0,220659.0,220835.0,244172,1326909,0,0,0.0
20150316,220780.0,220924.0,220754.0,220835.0,208037,1331166,0,0,0.0
20150317,220859.0,220908.0,220722.0,220756.0,155398,1318845,0,0,0.0
20150318,220748.0,221413.0,220722.0,221277.0,542108,1332133,0,0,0.0
20150319,221301.0,221413.0,220990.0,221040.0,240810,1342441,0,0,0.0
20150320,221064.0,221271.0,221053.0,221198.0,241856,1336731,0,0,0.0
20150323,221238.0,221287.0,221148.0,221198.0,190333,1347072,0,0,0.0
20150324,221254.0,221350.0,221180.0,221309.0,291760,1366421,0,0,0.0
20150325,221365.0,221429.0,221259.0,221293.0,256422,1377569,0,0,0.0
20150326,221286.0,221334.0,221164.0,221230.0,278206,1382858,0,0,0.0
20150327,221270.0,221429.0,221227.0,221435.0,232724,1369099,0,0,0.0
20150330,221381.0,221476.0,221338.0,221356.0,282556,1343208,0,0,0.0
20150331,221429.0,221508.0,221385.0,221498.0,226462,1349546,0,0,0.0
20150401,221492.0,221619.0,221401.0,221577.0,246869,1332067,0,0,0.0
20150402,221555.0,221667.0,221527.0,221561.0,115261,1320849,0,0,0.0
20150406,221839.0,221841.0,221716.0,221735.0,125541,1330395,0,0,0.0
20150407,221760.0,221762.0,221621.0,221656.0,168520,1333538,0,0,0.0
20150408,221665.0,221683.0,221542.0,221640.0,211078,1345018,0,0,0.0
20150409,221649.0,221667.0,221526.0,221561.0,184988,1355249,0,0,0.0
20150410,221570.0,221588.0,221463.0,221498.0,184988,1355249,0,0,0.0
20150413,221539.0,221636.0,221432.0,221593.0,146635,1372439,0,0,0.0
20150414,221649.0,221779.0,221542.0,221688.0,187481,1375646,0,0,0.0
20150415,221728.0,221794.0,221685.0,221767.0,115059,1378139,0,0,0.0
20150416,221776.0,221889.0,221716.0,221862.0,215029,1377643,0,0,0.0
20150417,221839.0,221952.0,221716.0,221783.0,208849,1384114,0,0,0.0
20150420,221760.0,221794.0,221653.0,221672.0,156237,1380752,0,0,0.0
20150421,221697.0,221715.0,221605.0,221688.0,131962,1380661,0,0,0.0
20150422,221728.0,221731.0,221557.0,221609.0,208308,1395097,0,0,0.0
20150423,221602.0,221699.0,221572.0,221672.0,188873,1405677,0,0,0.0
20150424,221681.0,221810.0,221620.0,221798.0,181470,1405972,0,0,0.0
20150427,221824.0,221810.0,221699.0,221767.0,191041,1406200,0,0,0.0
20150428,221808.0,221810.0,221668.0,221719.0,158076,1409109,0,0,0.0
20150429,221682.0,221762.0,221510.0,221688.0,279136,1419425,0,0,0.0
20150430,221730.0,221714.0,221446.0,221609.0,346374,1421916,0,0,0.0
20150501,221651.0,221635.0,221478.0,221514.0,157082,1419800,0,0,0.0
20150504,221556.0,221587.0,221446.0,221545.0,185369,1412641,0,0,0.0
20150505,221556.0,221618.0,221383.0,221435.0,258079,1411760,0,0,0.0
20150506,221430.0,221477.0,221319.0,221371.0,316124,1404411,0,0,0.0
20150507,221367.0,221461.0,221256.0,221403.0,360409,1389202,0,0,0.0
20150508,221398.0,221714.0,221335.0,221656.0,410452,1390982,0,0,0.0
20150511,221667.0,221698.0,221478.0,221513.0,265375,1372329,0,0,0.0
20150512,221508.0,221619.0,221367.0,221576.0,376677,1359587,0,0,0.0
20150513,221587.0,221778.0,221572.0,221719.0,372825,1331020,0,0,0.0
20150514,221713.0,221872.0,221683.0,221862.0,350796,1335332,0,0,0.0
20150515,221856.0,221920.0,221793.0,221877.0,311165,1322107,0,0,0.0
20150518,221887.0,221920.0,221698.0,221751.0,192068,1322772,0,0,0.0
20150519,221745.0,221825.0,221557.0,221610.0,289730,1330860,201509,201509,0.0
20150520,221587.0,221731.0,221573.0,221705.0,49581,46049,0,0,-672.0
20150521,221745.0,221762.0,221667.0,221752.0,90980,71376,0,0,0.0
20150522,221776.0,221793.0,221540.0,221562.0,269028,116465,0,0,0.0
20150526,221633.0,221635.0,221461.0,221610.0,630158,284805,0,0,0.0
20150527,221633.0,221651.0,221540.0,221641.0,789833,619108,0,0,0.0
20150528,221633.0,221793.0,221604.0,221784.0,440436,956280,0,0,0.0
20150529,221745.0,221872.0,221715.0,221878.0,344727,1102870,0,0,0.0
20150601,221872.0,221872.0,221604.0,221657.0,290495,1099965,0,0,0.0
20150602,221681.0,221666.0,221540.0,221593.0,297564,1097397,0,0,0.0
20150603,221618.0,221618.0,221446.0,221482.0,362430,1112856,0,0,0.0
20150604,221506.0,221603.0,221430.0,221545.0,352254,1116863,0,0,0.0
20150605,221554.0,221555.0,221113.0,221292.0,475662,1146402,0,0,0.0
20150608,221317.0,221476.0,221225.0,221466.0,222018,1171955,0,0,0.0
20150609,221460.0,221491.0,221273.0,221339.0,231491,1154522,0,0,0.0
20150610,221286.0,221285.0,221209.0,221260.0,200972,1139318,0,0,0.0
20150611,221254.0,221317.0,221161.0,221308.0,289593,1143992,0,0,0.0
20150612,221318.0,221364.0,221209.0,221308.0,244285,1149460,0,0,0.0
20150615,221287.0,221507.0,221273.0,221419.0,186725,1193277,0,0,0.0
20150616,221398.0,221523.0,221384.0,221498.0,232124,1185351,0,0,0.0
20150617,221509.0,221713.0,221162.0,221672.0,343539,1198047,0,0,0.0
20150618,221683.0,221825.0,221637.0,221720.0,324815,1171805,0,0,0.0
20150619,221810.0,221936.0,221748.0,221894.0,231259,1175577,0,0,0.0
20150622,221905.0,221888.0,221717.0,221751.0,179173,1191094,0,0,0.0
20150623,221731.0,221745.0,221622.0,221704.0,219997,1185778,0,0,0.0
20150624,221716.0,221809.0,221670.0,221798.0,225780,1198093,0,0,0.0
20150625,221827.0,221809.0,221670.0,221783.0,175600,1198442,0,0,0.0
20150626,221811.0,221793.0,221622.0,221671.0,159333,1203320,0,0,0.0
20150629,221970.0,222173.0,221860.0,222004.0,381499,1202051,0,0,0.0
20150630,222017.0,222031.0,221844.0,221957.0,323867,1181447,0,0,0.0
20150701,221938.0,221952.0,221670.0,221687.0,271392,1185676,0,0,0.0
20150702,221701.0,221983.0,221591.0,221940.0,246254,1184932,0,0,0.0
20150706,222351.0,222347.0,222003.0,222162.0,215219,1202541,0,0,0.0
20150707,222160.0,222347.0,222098.0,222256.0,260240,1214710,0,0,0.0
20150708,222224.0,222426.0,222193.0,222415.0,249456,1224094,0,0,0.0
20150709,222430.0,222426.0,222209.0,222224.0,228657,1240071,0,0,0.0
20150710,222224.0,222220.0,221892.0,221908.0,283048,1232643,0,0,0.0
20150713,222017.0,222078.0,221781.0,221876.0,225964,1234156,0,0,0.0
20150714,221844.0,222030.0,221812.0,222019.0,173440,1266921,0,0,0.0
20150715,222034.0,222109.0,221843.0,222098.0,201288,1280460,0,0,0.0
20150716,222098.0,222078.0,221874.0,221924.0,182111,1276036,0,0,0.0
20150717,221939.0,221951.0,221811.0,221893.0,191706,1260949,0,0,0.0
20150720,221891.0,221887.0,221716.0,221750.0,133751,1285555,0,0,0.0
20150721,221749.0,221887.0,221701.0,221845.0,202724,1279727,0,0,0.0
20150722,221876.0,221887.0,221716.0,221750.0,183421,1296913,0,0,0.0
20150723,221749.0,221839.0,221685.0,221830.0,203465,1293976,0,0,0.0
20150724,221828.0,221982.0,221796.0,221893.0,166674,1300443,0,0,0.0
20150727,221923.0,222077.0,221891.0,222051.0,160105,1294871,0,0,0.0
20150728,222050.0,222061.0,221939.0,222020.0,171064,1303445,0,0,0.0
20150729,222018.0,222030.0,221875.0,221941.0,220350,1306002,0,0,0.0
20150730,221955.0,221935.0,221717.0,221830.0,289571,1328146,0,0,0.0
20150731,221860.0,222157.0,221733.0,222083.0,335904,1355606,0,0,0.0
20150803,222145.0,222188.0,222002.0,222130.0,184576,1347348,0,0,0.0
20150804,222130.0,222124.0,221796.0,221845.0,242315,1343208,0,0,0.0
20150805,221813.0,221903.0,221669.0,221797.0,331929,1343351,0,0,0.0
20150806,221798.0,221918.0,221781.0,221876.0,181013,1340231,0,0,0.0
20150807,221877.0,221997.0,221702.0,221782.0,271417,1326243,0,0,0.0
20150810,221829.0,221824.0,221717.0,221797.0,207525,1339001,0,0,0.0
20150811,221829.0,222109.0,221796.0,222050.0,262114,1347560,0,0,0.0
20150812,222066.0,222299.0,222034.0,222162.0,297091,1381653,0,0,0.0
20150813,222114.0,222188.0,221907.0,221924.0,285145,1376538,0,0,0.0
20150814,221924.0,221966.0,221812.0,221861.0,181853,1347731,0,0,0.0
20150817,221892.0,221997.0,221843.0,221940.0,151344,1344918,0,0,0.0
20150818,221956.0,221997.0,221843.0,221909.0,181632,1351810,0,0,0.0
20150819,221908.0,222171.0,221795.0,222146.0,364258,1355600,201512,201512,0.0
20150820,222130.0,222123.0,222017.0,222019.0,17203,51426,0,0,-500.0
20150821,222098.0,222283.0,222081.0,222242.0,62892,59344,0,0,0.0
20150824,222320.0,222727.0,222303.0,222575.0,449817,83661,0,0,0.0
20150825,222559.0,222552.0,222288.0,222289.0,440573,258382,0,0,0.0
20150826,222495.0,222537.0,222224.0,222368.0,553970,473644,0,0,0.0
20150827,222368.0,222425.0,222161.0,222304.0,501892,707442,0,0,0.0
20150828,222289.0,222346.0,222049.0,222098.0,503877,1001847,0,0,0.0
20150831,222114.0,222171.0,221970.0,221987.0,317413,1157716,0,0,0.0
20150901,222018.0,222156.0,221986.0,222098.0,285056,1155881,0,0,0.0
20150902,222161.0,222171.0,222034.0,222083.0,235005,1143369,0,0,0.0
20150903,222129.0,222250.0,222097.0,222177.0,182944,1137610,0,0,0.0
20150904,222208.0,222410.0,222034.0,222193.0,294221,1121494,0,0,0.0
20150908,222176.0,222187.0,222034.0,222050.0,206782,1127343,0,0,0.0
20150909,222097.0,222108.0,221955.0,222066.0,278319,1121218,0,0,0.0
20150910,222081.0,222123.0,222002.0,222082.0,164577,1108866,0,0,0.0
20150911,222081.0,222219.0,222066.0,222193.0,153547,1119604,0,0,0.0
20150914,222240.0,222250.0,222114.0,222129.0,128773,1141114,0,0,0.0
20150915,222144.0,222171.0,221748.0,221843.0,280859,1145411,0,0,0.0
20150916,221811.0,221917.0,221717.0,221747.0,265407,1128391,0,0,0.0
20150917,221763.0,222298.0,221733.0,222208.0,409878,1116115,0,0,0.0
20150918,222287.0,222394.0,222241.0,222319.0,242765,1110118,0,0,0.0
20150921,222303.0,222298.0,222162.0,222176.0,138580,1096990,0,0,0.0
20150922,222207.0,222410.0,222177.0,222399.0,200033,1095027,0,0,0.0
20150923,222382.0,222441.0,222289.0,222399.0,188686,1094076,0,0,0.0
20150924,222382.0,222584.0,222337.0,222495.0,323860,1116051,0,0,0.0
20150925,222382.0,222441.0,222241.0,222416.0,284866,1117470,0,0,0.0
20150928,222430.0,222520.0,222337.0,222510.0,237647,1125747,0,0,0.0
20150929,222525.0,222631.0,222448.0,222622.0,212298,1108582,0,0,0.0
20150930,222605.0,222631.0,222464.0,222558.0,323606,1114467,0,0,0.0
20151001,222637.0,222631.0,222511.0,222527.0,207513,1120729,0,0,0.0
20151002,222541.0,223012.0,222464.0,222845.0,396888,1106338,0,0,0.0
20151005,222827.0,222853.0,222670.0,222702.0,184218,1109952,0,0,0.0
20151006,222732.0,222790.0,222685.0,222750.0,184726,1088194,0,0,0.0
20151007,222764.0,222757.0,222606.0,222654.0,143414,1080486,0,0,0.0
20151008,222685.0,222757.0,222510.0,222623.0,237101,1082177,0,0,0.0
20151009,222637.0,222663.0,222543.0,222592.0,159107,1078215,0,0,0.0
20151012,222637.0,222663.0,222558.0,222639.0,21446,1096057,0,0,0.0
20151013,222685.0,222726.0,222622.0,222703.0,141198,1095200,0,0,0.0
20151014,222748.0,222996.0,222718.0,222973.0,246832,1107199,0,0,0.0
20151015,223002.0,222996.0,222749.0,222798.0,199870,1122995,0,0,0.0
20151016,222779.0,222821.0,222701.0,222734.0,99672,1107057,0,0,0.0
20151019,222747.0,222821.0,222701.0,222798.0,109081,1105227,0,0,0.0
20151020,222843.0,222837.0,222605.0,222638.0,189067,1104117,0,0,0.0
20151021,222652.0,222710.0,222605.0,222671.0,140173,1097821,0,0,0.0
20151022,222668.0,222804.0,222605.0,222782.0,255397,1093979,0,0,0.0
20151023,222764.0,222741.0,222590.0,222623.0,266687,1087297,0,0,0.0
20151026,222637.0,222677.0,222574.0,222623.0,139411,1126754,0,0,0.0
20151027,222652.0,222741.0,222622.0,222734.0,159097,1140078,0,0,0.0
20151028,222716.0,222710.0,222272.0,222338.0,317000,1150066,0,0,0.0
20151029,222335.0,222376.0,222209.0,222242.0,285690,1184906,0,0,0.0
20151030,222239.0,222282.0,222129.0,222178.0,300610,1161233,0,0,0.0
20151102,222239.0,222234.0,222066.0,222084.0,219847,1120390,0,0,0.0
20151103,222112.0,222107.0,221970.0,222004.0,235223,1095558,0,0,0.0
20151104,222033.0,222043.0,221811.0,221845.0,329406,1089826,0,0,0.0
20151105,221874.0,221916.0,221747.0,221845.0,306386,1087992,0,0,0.0
20151106,221906.0,221932.0,221366.0,221622.0,446097,1127918,0,0,0.0
20151109,221652.0,221694.0,221541.0,221670.0,285811,1114756,0,0,0.0
20151110,221668.0,221805.0,221653.0,221766.0,220875,1112315,0,0,0.0
20151111,221716.0,221805.0,221605.0,221655.0,60631,1086196,0,0,0.0
20151112,221700.0,221741.0,221636.0,221686.0,187387,1084766,0,0,0.0
20151113,221700.0,221853.0,221652.0,221782.0,157846,1067686,0,0,0.0
20151116,221906.0,221980.0,221763.0,221830.0,169392,1059681,0,0,0.0
20151117,221827.0,221821.0,221652.0,221797.0,175353,1043471,0,0,0.0
20151118,221811.0,221788.0,221588.0,221718.0,192755,1038388,0,0,0.0
20151119,221700.0,221725.0,221619.0,221655.0,233887,1014002,201603,201603,0.0
20151120,221653.0,221677.0,221525.0,221576.0,218612,118318,0,0,-563.0
20151123,221541.0,221614.0,221429.0,221608.0,380345,251067,0,0,0.0
20151124,221620.0,221725.0,221589.0,221672.0,552349,393985,0,0,0.0
20151125,221684.0,221710.0,221621.0,221687.0,387696,718024,0,0,0.0
20151127,221699.0,221742.0,221637.0,221687.0,202697,879597,0,0,0.0
20151130,221699.0,221694.0,221541.0,221624.0,167332,924657,0,0,0.0
20151201,221636.0,221821.0,221541.0,221751.0,239011,933707,0,0,0.0
20151202,221747.0,221725.0,221509.0,221576.0,244002,928241,0,0,0.0
20151203,221604.0,221598.0,221301.0,221497.0,305602,926675,0,0,0.0
20151204,221477.0,221646.0,221317.0,221513.0,325732,948044,0,0,0.0
20151207,221525.0,221598.0,221413.0,221545.0,153892,931237,0,0,0.0
20151208,221557.0,221566.0,221445.0,221513.0,201104,935841,0,0,0.0
20151209,221572.0,221725.0,221493.0,221687.0,220193,944783,0,0,0.0
20151210,221684.0,221710.0,221572.0,221608.0,136202,950726,0,0,0.0
20151211,221636.0,222028.0,221572.0,221942.0,285817,940323,0,0,0.0
20151214,221970.0,221949.0,221668.0,221704.0,254461,958635,0,0,0.0
20151215,221747.0,221774.0,221572.0,221672.0,217976,971325,0,0,0.0
20151216,221684.0,221695.0,221334.0,221465.0,320980,981322,0,0,0.0
20151217,221429.0,221505.0,221366.0,221386.0,285988,989438,0,0,0.0
20151218,221461.0,221600.0,221414.0,221545.0,187197,1002690,0,0,0.0
20151221,221572.0,221585.0,221493.0,221545.0,124073,980298,0,0,0.0
20151222,221572.0,221585.0,221397.0,221418.0,131612,972138,0,0,0.0
20151223,221445.0,221441.0,221365.0,221402.0,89558,975578,0,0,0.0
20151228,221430.0,221409.0,221333.0,221387.0,106762,967250,0,0,0.0
20151229,221382.0,221393.0,221158.0,221212.0,159016,989282,0,0,0.0
20151230,221207.0,221250.0,221126.0,221260.0,150143,1006592,0,0,0.0
20151231,221255.0,221377.0,221237.0,221307.0,136197,1015426,0,0,0.0
20160104,221351.0,221551.0,221269.0,221403.0,226376,1005896,0,0,0.0
20160105,221399.0,221472.0,221333.0,221403.0,192492,1016257,0,0,0.0
20160106,221446.0,221616.0,221412.0,221610.0,282155,1031430,0,0,0.0
20160107,221621.0,221791.0,221539.0,221722.0,273087,1018895,0,0,0.0
20160108,221733.0,221823.0,221443.0,221785.0,352150,1044491,0,0,0.0
20160111,221828.0,221934.0,221698.0,221881.0,227751,1033309,0,0,0.0
20160112,221861.0,221998.0,221698.0,221929.0,231497,1038005,0,0,0.0
20160113,221924.0,222030.0,221777.0,221992.0,238398,1032299,0,0,0.0
20160114,221956.0,222078.0,221889.0,222056.0,297143,1015770,0,0,0.0
20160115,222068.0,222476.0,222016.0,222279.0,413582,1021805,0,0,0.0
20160119,222291.0,222332.0,222095.0,222231.0,223118,1026772,0,0,0.0
20160120,222211.0,222524.0,222190.0,222406.0,258638,1029906,0,0,0.0
20160121,222419.0,222508.0,222302.0,222390.0,248810,1027646,0,0,0.0
20160122,222371.0,222397.0,222190.0,222279.0,225643,1042653,0,0,0.0
20160125,222292.0,222333.0,222190.0,222294.0,121089,1040158,0,0,0.0
20160126,222339.0,222444.0,222286.0,222406.0,200663,1049485,0,0,0.0
20160127,222435.0,222477.0,222207.0,222453.0,240491,1059316,0,0,0.0
20160128,222499.0,222556.0,222382.0,222517.0,254421,1077806,0,0,0.0
20160129,222547.0,222763.0,222478.0,222724.0,346183,1080549,0,0,0.0
20160201,222721.0,222731.0,222526.0,222565.0,223290,1095506,0,0,0.0
20160202,222626.0,222906.0,222589.0,222820.0,227104,1097491,0,0,0.0
20160203,222896.0,223096.0,222716.0,222899.0,358451,1092406,0,0,0.0
20160204,222929.0,223017.0,222860.0,222962.0,262186,1100682,0,0,0.0
20160205,223024.0,223065.0,222733.0,222899.0,332008,1103687,0,0,0.0
20160208,222897.0,223224.0,222812.0,223202.0,295757,1112479,0,0,0.0
20160209,223184.0,223320.0,223115.0,223154.0,411932,1124287,0,0,0.0
20160210,223136.0,223193.0,222940.0,223122.0,349934,1147463,0,0,0.0
20160211,223184.0,223638.0,223147.0,223377.0,447063,1157295,0,0,0.0
20160212,223327.0,223383.0,222972.0,223090.0,316388,1143262,0,0,0.0
20160216,223009.0,223097.0,222893.0,223011.0,254212,1108909,0,0,0.0
20160217,223024.0,223097.0,222782.0,222884.0,238389,1119437,0,0,0.0
20160218,222897.0,223065.0,222814.0,222980.0,265092,1105503,201606,201606,0.0
20160219,223072.0,223065.0,222735.0,222821.0,99114,116643,0,0,47.0
20160222,222817.0,222810.0,222591.0,222757.0,183282,178847,0,0,0.0
20160223,222769.0,222873.0,222623.0,222773.0,433984,289944,0,0,0.0
20160224,222848.0,223096.0,222782.0,222869.0,497760,454966,0,0,0.0
20160225,222848.0,223017.0,222798.0,222996.0,485275,701866,0,0,0.0
20160226,222975.0,222953.0,222512.0,222566.0,295595,937248,0,0,0.0
20160229,222593.0,222667.0,222480.0,222598.0,287546,987837,0,0,0.0
20160301,222672.0,222731.0,222272.0,222295.0,320216,997632,0,0,0.0
20160302,222338.0,222381.0,222161.0,222263.0,246940,1001288,0,0,0.0
20160303,222323.0,222317.0,222177.0,222278.0,285019,1005906,0,0,0.0
20160304,222275.0,222365.0,222050.0,222104.0,315597,982180,0,0,0.0
20160307,222148.0,222142.0,221938.0,221960.0,189346,969066,0,0,0.0
20160308,221989.0,222190.0,221938.0,222119.0,184196,956107,0,0,0.0
20160309,222148.0,222158.0,221971.0,222023.0,167299,953285,0,0,0.0
20160310,222052.0,222126.0,221811.0,221880.0,358544,942047,0,0,0.0
20160311,221862.0,221903.0,221668.0,221736.0,206019,935777,0,0,0.0
20160314,221735.0,221776.0,221683.0,221721.0,200199,927254,0,0,0.0
20160315,221750.0,221808.0,221635.0,221673.0,266593,911206,0,0,0.0
20160316,221671.0,222158.0,221508.0,222087.0,416675,900885,0,0,0.0
20160317,222149.0,222365.0,222034.0,222119.0,234906,910335,0,0,0.0
20160318,222117.0,222269.0,222098.0,222246.0,194839,903323,0,0,0.0
20160321,222260.0,222285.0,222065.0,222103.0,132393,919597,0,0,0.0
20160322,222085.0,222237.0,222002.0,222039.0,193978,918272,0,0,0.0
20160323,222053.0,222222.0,222002.0,222214.0,144285,911570,0,0,0.0
20160324,222197.0,222222.0,222098.0,222166.0,120424,910949,0,0,0.0
20160328,222181.0,222222.0,222082.0,222198.0,97448,911758,0,0,0.0
20160329,222197.0,222636.0,222145.0,222596.0,324216,899830,0,0,0.0
20160330,222627.0,222732.0,222527.0,222723.0,213470,931907,0,0,0.0
20160331,222754.0,222859.0,222639.0,222802.0,288732,947918,0,0,0.0
20160401,222865.0,222859.0,222607.0,222675.0,278416,979331,0,0,0.0
20160404,222786.0,222795.0,222639.0,222739.0,174212,990419,0,0,0.0
20160405,222770.0,222874.0,222735.0,222834.0,176997,989617,0,0,0.0
20160406,222849.0,222826.0,222655.0,222755.0,171693,992724,0,0,0.0
20160407,222770.0,222938.0,222735.0,222914.0,194081,991062,0,0,0.0
20160408,222945.0,222922.0,222782.0,222867.0,132231,991625,0,0,0.0
20160411,222897.0,222906.0,222782.0,222867.0,134515,998622,0,0,0.0
20160412,222865.0,222874.0,222703.0,222723.0,167841,1006823,0,0,0.0
20160413,222721.0,222778.0,222624.0,222691.0,214220,1004306,0,0,0.0
20160414,222706.0,222715.0,222561.0,222675.0,217689,1008601,0,0,0.0
20160415,222658.0,222794.0,222624.0,222771.0,153249,1009266,0,0,0.0
20160418,222817.0,222858.0,222672.0,222723.0,158592,1026408,0,0,0.0
20160419,222738.0,222731.0,222609.0,222675.0,166404,1020421,0,0,0.0
20160420,222690.0,222731.0,222449.0,222468.0,229034,1029480,0,0,0.0
20160421,222500.0,222523.0,222401.0,222436.0,249200,1040840,0,0,0.0
20160422,222484.0,222508.0,222386.0,222451.0,166945,1033258,0,0,0.0
20160425,222468.0,222508.0,222370.0,222403.0,161707,1046040,0,0,0.0
20160426,222389.0,222429.0,222274.0,222308.0,219101,1046620,0,0,0.0
20160427,222326.0,222477.0,222227.0,222403.0,254909,1051591,0,0,0.0
20160428,222485.0,222651.0,222449.0,222611.0,265015,1042164,0,0,0.0
20160429,222629.0,222699.0,222528.0,222674.0,258227,1038299,0,0,0.0
20160502,222644.0,222699.0,222528.0,222595.0,164020,1041363,0,0,0.0
20160503,222596.0,222811.0,222576.0,222739.0,224545,1051954,0,0,0.0
20160504,222771.0,222811.0,222672.0,222786.0,217636,1050588,0,0,0.0
20160505,222835.0,222906.0,222720.0,222882.0,178544,1052083,0,0,0.0
20160506,222898.0,223066.0,222783.0,222819.0,286277,1063307,0,0,0.0
20160509,222835.0,222954.0,222799.0,222930.0,148372,1066290,0,0,0.0
20160510,222962.0,222939.0,222831.0,222882.0,192556,1083377,0,0,0.0
20160511,222883.0,222906.0,222799.0,222850.0,168948,1093235,0,0,0.0
20160512,222850.0,222843.0,222672.0,222706.0,218812,1108400,0,0,0.0
20160513,222723.0,222779.0,222593.0,222739.0,242161,1095171,0,0,0.0
20160516,222787.0,222795.0,222561.0,222579.0,194401,1078085,0,0,0.0
20160517,222596.0,222605.0,222370.0,222436.0,330441,1054586,0,0,0.0
20160518,222389.0,222382.0,222052.0,222086.0,411214,1048113,0,0,0.0
20160519,222151.0,222238.0,222036.0,222197.0,388885,1040934,201609,201609,0.0
20160520,222199.0,222223.0,222100.0,222182.0,62199,121307,0,0,-250.0
20160523,222247.0,222238.0,222067.0,222118.0,273966,161372,0,0,0.0
20160524,222151.0,222142.0,221987.0,222086.0,364951,315636,0,0,0.0
20160525,222087.0,222110.0,222003.0,222102.0,408415,479871,0,0,0.0
20160526,222103.0,222285.0,222066.0,222293.0,421587,692215,0,0,0.0
20160527,222278.0,222269.0,221907.0,222197.0,288966,899900,0,0,0.0
