Date,Open,High,Low,Close,Volume,OI,P,R,RINFO
20140604,135500.0,135500.0,135156.3,135156.3,9156,656166,0,0,0.0
20140605,135125.0,135563.0,134750.0,135406.0,13595,658730,0,0,0.0
20140606,135594.0,135594.0,135375.0,135375.0,6337,691441,0,0,0.0
20140609,135188.0,135250.0,135188.0,135250.0,16258,707085,0,0,0.0
20140610,135000.0,135000.0,134907.0,134938.0,10456,715399,0,0,0.0
20140611,135000.0,135000.0,134938.0,134938.0,11506,741378,0,0,0.0
20140612,134781.0,135906.0,134750.0,135907.0,6316,753078,0,0,0.0
20140613,135687.0,135781.0,135281.0,135782.0,4453,751981,0,0,0.0
20140616,136218.0,136218.0,135968.0,135970.0,4570,746746,0,0,0.0
20140617,136062.0,136093.0,135062.0,135064.0,4599,747152,0,0,0.0
20140618,135062.0,135687.0,135062.0,135689.0,7900,751166,0,0,0.0
20140619,135937.0,136218.0,134875.0,135251.0,8425,743252,0,0,0.0
20140620,134875.0,135437.0,134875.0,135345.0,8398,736031,0,0,0.0
20140623,135813.0,135812.0,135375.0,135376.0,4432,729445,0,0,0.0
20140624,135532.0,136031.0,135531.0,136032.0,4662,730527,0,0,0.0
20140625,136282.0,136718.0,136281.0,136501.0,2634,739449,0,0,0.0
20140626,136532.0,137155.0,136531.0,137157.0,6061,745406,0,0,0.0
20140627,137157.0,137155.0,136906.0,136907.0,7889,741753,0,0,0.0
20140630,137094.0,137217.0,137093.0,137188.0,5892,742525,0,0,0.0
20140701,136625.0,136623.0,136312.0,136344.0,1730,736205,0,0,0.0
20140702,135938.0,135936.0,135250.0,135250.0,15111,707826,0,0,0.0
20140703,135313.0,135624.0,134625.0,135000.0,3108,703930,0,0,0.0
20140707,135376.0,135686.0,135375.0,135688.0,1135,708878,0,0,0.0
20140708,135970.0,136592.0,135969.0,136594.0,5824,716766,0,0,0.0
20140709,136501.0,136967.0,136500.0,136969.0,8591,726865,0,0,0.0
20140710,137564.0,137592.0,137063.0,137094.0,12165,741775,0,0,0.0
20140711,137345.0,137436.0,137344.0,137375.0,6013,746188,0,0,0.0
20140714,137314.0,137311.0,136906.0,136906.0,8163,751028,0,0,0.0
20140715,136876.0,136936.0,136687.0,136937.0,11327,748739,0,0,0.0
20140716,136845.0,137155.0,136812.0,137156.0,5880,763760,0,0,0.0
20140717,137533.0,138217.0,137531.0,138125.0,13221,781334,0,0,0.0
20140718,138346.0,138342.0,138031.0,138063.0,6135,772274,0,0,0.0
20140721,138158.0,138436.0,138156.0,138438.0,9139,781615,0,0,0.0
20140722,138127.0,138623.0,138031.0,138563.0,2075,788332,0,0,0.0
20140723,138658.0,138717.0,138562.0,138563.0,2628,790993,0,0,0.0
20140724,138127.0,138123.0,137843.0,137875.0,262860,780497,0,0,0.0
20140725,138033.0,138498.0,138030.0,138500.0,253080,788874,0,0,0.0
20140728,138533.0,138529.0,138280.0,138281.0,307930,780365,0,0,0.0
20140729,138627.0,139029.0,138624.0,138937.0,1510,793035,0,0,0.0
20140730,138846.0,138842.0,137499.0,137500.0,6991,780559,0,0,0.0
20140731,137190.0,137592.0,136530.0,137406.0,7769,772039,0,0,0.0
20140801,136909.0,138279.0,136905.0,137937.0,8216,788357,0,0,0.0
20140804,138097.0,138279.0,138092.0,138093.0,3547,773723,0,0,0.0
20140805,138034.0,138466.0,137780.0,138374.0,9852,772066,0,0,0.0
20140806,139065.0,139060.0,138499.0,138499.0,11639,783122,0,0,0.0
20140807,138627.0,139247.0,138624.0,139249.0,6655,802313,0,0,0.0
20140808,139627.0,140059.0,139280.0,139405.0,12666,810912,0,0,0.0
20140811,139127.0,139497.0,139124.0,139405.0,14461,820309,0,0,0.0
20140812,139221.0,139403.0,138968.0,138968.0,16639,830841,0,0,0.0
20140813,138658.0,139465.0,138656.0,139468.0,10885,853877,0,0,0.0
20140814,139627.0,140059.0,139500.0,140062.0,11396,867630,0,0,0.0
20140815,140377.0,141621.0,140281.0,141031.0,15529,863608,0,0,0.0
20140818,140752.0,140746.0,140156.0,140156.0,12333,861318,0,0,0.0
20140819,140596.0,140590.0,139781.0,139781.0,12685,849287,0,0,0.0
20140820,139815.0,139809.0,139656.0,139687.0,13040,848102,0,0,0.0
20140821,139502.0,140121.0,139500.0,140062.0,52277,860836,201412,201412,0.0
20140822,140283.0,140277.0,140281.0,140281.0,16636,64928,0,0,-1281.3
20140825,140567.0,140561.0,140565.0,140565.0,64466,167714,0,0,0.0
20140826,140378.0,140372.0,140376.0,140376.0,92129,337127,0,0,0.0
20140827,140756.0,141003.0,140754.0,141007.0,99094,627590,0,0,0.0
20140828,141607.0,141602.0,141448.0,141575.0,88446,865140,0,0,0.0
20140829,141355.0,147657.0,141353.0,141386.0,15751,862547,0,0,0.0
20140902,140440.0,140435.0,139965.0,139967.0,15751,862547,0,0,0.0
20140903,139431.0,140214.0,139429.0,140219.0,16948,834501,0,0,0.0
20140904,140282.0,140372.0,139429.0,139462.0,36853,817833,0,0,0.0
20140905,139178.0,139836.0,139177.0,139210.0,10724,821052,0,0,0.0
20140908,139620.0,139931.0,139082.0,139242.0,11138,824557,0,0,0.0
20140909,138863.0,138985.0,138861.0,138990.0,7567,825475,0,0,0.0
20140910,138642.0,138638.0,138451.0,138454.0,2774,840774,0,0,0.0
20140911,138768.0,138764.0,138546.0,138549.0,10877,839815,0,0,0.0
20140912,137790.0,137786.0,137095.0,137098.0,17089,835327,0,0,0.0
20140915,137285.0,137628.0,137284.0,137382.0,10409,831557,0,0,0.0
20140916,137916.0,137912.0,137284.0,137287.0,7160,830671,0,0,0.0
20140917,137474.0,137754.0,137189.0,137192.0,8022,833488,0,0,0.0
20140918,137001.0,136997.0,136968.0,136971.0,15737,840091,0,0,0.0
20140919,137348.0,137849.0,137346.0,137854.0,3491,837546,0,0,0.0
20140922,138199.0,138227.0,138008.0,138012.0,5059,849052,0,0,0.0
20140923,138294.0,138669.0,138229.0,138674.0,14093,851994,0,0,0.0
20140924,138704.0,138700.0,138103.0,138106.0,4405,856639,0,0,0.0
20140925,138578.0,139078.0,138576.0,139084.0,7382,862445,0,0,0.0
20140926,139272.0,139267.0,138828.0,138895.0,15873,859955,0,0,0.0
20140929,139461.0,139582.0,139459.0,139589.0,2701,869754,0,0,0.0
20140930,139366.0,139551.0,139175.0,139179.0,7447,869168,0,0,0.0
20141001,139744.0,140907.0,139743.0,140914.0,17774,865832,0,0,0.0
20141002,140722.0,140718.0,140279.0,140283.0,7770,872173,0,0,0.0
20141003,140280.0,140497.0,140248.0,140504.0,20617,894912,0,0,0.0
20141006,140658.0,140907.0,140532.0,140662.0,11928,898087,0,0,0.0
20141007,140879.0,141885.0,140879.0,141892.0,8907,898719,0,0,0.0
20141008,141667.0,141948.0,141667.0,141955.0,13967,876214,0,0,0.0
20141009,142519.0,142516.0,142109.0,142113.0,11117,873976,0,0,0.0
20141010,142550.0,142579.0,142551.0,142586.0,9559,883274,0,0,0.0
20141013,143338.0,143336.0,143339.0,143343.0,32,880864,0,0,0.0
20141014,144221.0,144219.0,143717.0,144005.0,15330,902160,0,0,0.0
20141015,144631.0,149107.0,144632.0,145708.0,21202,887813,0,0,0.0
20141016,146366.0,146868.0,144727.0,144730.0,6510,869999,0,0,0.0
20141017,144568.0,144566.0,144096.0,144225.0,7934,866667,0,0,0.0
20141020,144379.0,144471.0,144191.0,144414.0,11898,864196,0,0,0.0
20141021,144001.0,144219.0,143876.0,144004.0,12524,868285,0,0,0.0
20141022,144033.0,144030.0,143529.0,143720.0,15844,864863,0,0,0.0
20141023,143528.0,143525.0,142614.0,143026.0,10763,867053,0,0,0.0
20141024,143623.0,143620.0,142992.0,143026.0,11074,851728,0,0,0.0
20141027,143245.0,143273.0,143244.0,143278.0,3504,849900,0,0,0.0
20141028,142835.0,142895.0,142834.0,142836.0,14361,850270,0,0,0.0
20141029,142740.0,142737.0,142676.0,142678.0,9479,849866,0,0,0.0
20141030,142929.0,142926.0,142834.0,142867.0,21652,842688,0,0,0.0
20141031,142361.0,142421.0,142109.0,142394.0,13250,824948,0,0,0.0
20141103,142613.0,142610.0,142361.0,142362.0,16357,827815,0,0,0.0
20141104,142897.0,142925.0,142456.0,142551.0,10631,825125,0,0,0.0
20141105,142172.0,142389.0,142172.0,142393.0,8477,818903,0,0,0.0
20141106,142582.0,142578.0,141951.0,141951.0,10201,809927,0,0,0.0
20141107,141825.0,142956.0,141825.0,142960.0,8107,823115,0,0,0.0
20141110,143244.0,143240.0,142267.0,142266.0,994,815001,0,0,0.0
20141111,142014.0,142010.0,142015.0,142014.0,265550,813599,0,0,0.0
20141112,142897.0,142893.0,142425.0,142424.0,8442,832205,0,0,0.0
20141113,142487.0,142641.0,142394.0,142550.0,21622,832813,0,0,0.0
20141114,142487.0,142988.0,142489.0,142992.0,6073,826881,0,0,0.0
20141117,143496.0,143493.0,142678.0,142677.0,7274,814374,0,0,0.0
20141118,142865.0,142988.0,142867.0,142992.0,2625,806029,0,0,0.0
20141119,142676.0,142673.0,142520.0,142519.0,23620,795709,0,0,0.0
20141120,143023.0,143020.0,142772.0,142866.0,9037,785188,0,0,0.0
20141121,142897.0,143304.0,142898.0,143308.0,13930,714059,201503,201503,0.0
20141124,143023.0,143020.0,142993.0,142993.0,82500,308855,0,0,-1062.5
20141125,143913.0,143910.0,143915.0,143915.0,92255,582365,0,0,0.0
20141126,144390.0,144387.0,144392.0,144392.0,809375,828137,0,0,0.0
20141128,144835.0,145054.0,144773.0,145028.0,11314,846671,0,0,0.0
20141201,145566.0,145562.0,144455.0,144456.0,28469,844709,0,0,0.0
20141202,144041.0,144037.0,143438.0,143439.0,27617,832443,0,0,0.0
20141203,143437.0,143624.0,143311.0,143630.0,3436,840689,0,0,0.0
20141204,143755.0,144228.0,143533.0,144234.0,15752,836703,0,0,0.0
20141205,144391.0,144419.0,143501.0,143916.0,13688,830986,0,0,0.0
20141208,143883.0,144959.0,143882.0,144965.0,18339,856067,0,0,0.0
20141209,145281.0,146039.0,145280.0,145569.0,28289,875970,0,0,0.0
20141210,145789.0,146357.0,145693.0,146363.0,11816,886546,0,0,0.0
20141211,146838.0,146834.0,146011.0,146522.0,26599,907391,0,0,0.0
20141212,147601.0,147819.0,147282.0,147634.0,17390,901200,0,0,0.0
20141215,147220.0,147565.0,147218.0,147539.0,10638,903822,0,0,0.0
20141216,148618.0,148614.0,147695.0,148238.0,9229,888894,0,0,0.0
20141217,147760.0,148264.0,147155.0,147158.0,8062,891401,0,0,0.0
20141218,146839.0,146834.0,145916.0,146173.0,11426,876015,0,0,0.0
20141219,145981.0,146739.0,145980.0,146745.0,6967,886130,0,0,0.0
20141222,146617.0,147025.0,146616.0,147031.0,2255,887236,0,0,0.0
20141223,146871.0,146866.0,145281.0,145283.0,4351,878874,0,0,0.0
20141224,144933.0,145563.0,144932.0,145569.0,1538,877730,0,0,0.0
20141226,145791.0,145785.0,145790.0,145791.0,1959,875747,0,0,0.0
20141229,146268.0,146675.0,146267.0,146427.0,2837,876071,0,0,0.0
20141231,146872.0,146993.0,146871.0,146999.0,5452,877851,0,0,0.0
20150102,146681.0,147946.0,146680.0,147952.0,9649,890785,0,0,0.0
20150105,148365.0,149439.0,148364.0,149446.0,6032,896495,0,0,0.0
20150106,150621.0,151155.0,150143.0,150654.0,14862,882093,0,0,0.0
20150107,150494.0,150710.0,149984.0,150686.0,6386,869992,0,0,0.0
20150108,149731.0,149884.0,149221.0,149383.0,21457,854608,0,0,0.0
20150109,149667.0,150488.0,149666.0,150019.0,15443,854004,0,0,0.0
20150112,150017.0,150965.0,150016.0,150940.0,15930,851461,0,0,0.0
20150113,151288.0,151283.0,150588.0,151131.0,14176,841829,0,0,0.0
20150114,151510.0,152363.0,151509.0,151925.0,9663,838550,0,0,0.0
20150115,152177.0,152617.0,152176.0,152624.0,10090,838795,0,0,0.0
20150116,153607.0,153602.0,151985.0,152052.0,12686,826700,0,0,0.0
20150120,151986.0,153062.0,151985.0,152370.0,15679,818195,0,0,0.0
20150121,152717.0,152808.0,151604.0,151607.0,26624,803254,0,0,0.0
20150122,150143.0,151982.0,150142.0,151003.0,35311,797053,0,0,0.0
20150123,152367.0,152427.0,152366.0,152369.0,9916,801833,0,0,0.0
20150126,152431.0,152618.0,151985.0,152115.0,16782,790514,0,0,0.0
20150127,152780.0,153254.0,152049.0,152051.0,10390,783467,0,0,0.0
20150128,152017.0,153731.0,152017.0,153735.0,21468,773412,0,0,0.0
20150129,153383.0,153445.0,152525.0,152941.0,17129,760064,0,0,0.0
20150130,153510.0,154176.0,153510.0,153831.0,22447,749462,0,0,0.0
20150202,153828.0,153827.0,153192.0,153386.0,21061,727934,0,0,0.0
20150203,152366.0,152365.0,151794.0,151797.0,44900,699102,0,0,0.0
20150204,151508.0,151984.0,151286.0,151956.0,294840,691000,0,0,0.0
20150205,151794.0,151793.0,151350.0,151384.0,34539,690169,0,0,0.0
20150206,151572.0,151602.0,150047.0,150145.0,35291,688114,0,0,0.0
20150209,150333.0,150331.0,150079.0,150081.0,19522,681544,0,0,0.0
20150210,149126.0,149791.0,149126.0,149350.0,9821,687256,0,0,0.0
20150211,149348.0,149473.0,148808.0,149382.0,354130,670221,0,0,0.0
20150212,148522.0,149600.0,148522.0,149287.0,14577,675408,0,0,0.0
20150213,148776.0,148774.0,148363.0,148366.0,13401,664311,0,0,0.0
20150217,148140.0,148138.0,146520.0,146523.0,15652,668521,0,0,0.0
20150218,146742.0,147248.0,146742.0,147254.0,17720,641089,0,0,0.0
20150219,146837.0,147375.0,146742.0,146746.0,15347,633999,0,0,0.0
20150220,147218.0,147248.0,146456.0,146460.0,12046,597717,0,0,0.0
20150223,146837.0,163104.0,146837.0,147795.0,32263,531094,201506,201506,0.0
20150224,147504.0,147502.0,147504.0,147509.0,115439,169081,0,0,17093.8
20150225,147305.0,147871.0,147220.0,147879.0,196692,289141,0,0,0.0
20150226,148243.0,148241.0,147277.0,147282.0,76285,352344,0,0,0.0
20150227,146935.0,147275.0,146936.0,147225.0,41272,366595,0,0,0.0
20150302,147020.0,147019.0,145259.0,145263.0,22844,375147,0,0,0.0
20150303,144916.0,145171.0,144520.0,144524.0,27973,373014,0,0,0.0
20150304,144632.0,144659.0,144378.0,144439.0,24674,381130,0,0,0.0
20150305,144092.0,144830.0,144037.0,144524.0,12749,387094,0,0,0.0
20150306,144433.0,144432.0,141564.0,141568.0,20366,391554,0,0,0.0
20150309,142187.0,142556.0,142189.0,142563.0,18785,383121,0,0,0.0
20150310,143381.0,144347.0,143383.0,144354.0,7167,386374,0,0,0.0
20150311,143921.0,145115.0,143923.0,145122.0,11778,381494,0,0,0.0
20150312,145598.0,145598.0,145231.0,145264.0,6821,388017,0,0,0.0
20150313,145229.0,145257.0,144947.0,145179.0,5189,391851,0,0,0.0
20150316,145712.0,145712.0,145487.0,145492.0,6997,392848,0,0,0.0
20150317,146650.0,146963.0,146539.0,146800.0,8916,400401,0,0,0.0
20150318,147560.0,148384.0,146852.0,148392.0,4030,405080,0,0,0.0
20150319,148782.0,148782.0,148444.0,148449.0,150560,408935,0,0,0.0
20150320,148810.0,148810.0,148814.0,148819.0,1630,408285,0,0,0.0
20150323,149549.0,149549.0,148985.0,149217.0,3689,412580,0,0,0.0
20150324,149378.0,150316.0,149383.0,150326.0,4940,411472,0,0,0.0
20150325,150657.0,150657.0,149667.0,149672.0,4150,419763,0,0,0.0
20150326,149577.0,149577.0,147734.0,147739.0,6230,430826,0,0,0.0
20150327,148326.0,149549.0,148331.0,149558.0,10725,432523,0,0,0.0
20150330,149037.0,149037.0,148701.0,148705.0,5704,430926,0,0,0.0
20150331,149122.0,149151.0,149071.0,149075.0,4382,425860,0,0,0.0
20150401,150117.0,151055.0,150123.0,150838.0,2636,439790,0,0,0.0
20150402,150998.0,150998.0,149697.0,149701.0,229,432137,0,0,0.0
20150406,150543.0,150543.0,148844.0,148962.0,2763,435726,0,0,0.0
20150407,149036.0,149747.0,149043.0,149758.0,3126,435215,0,0,0.0
20150408,149803.0,150031.0,149810.0,150042.0,6026,435600,0,0,0.0
20150409,150286.0,150287.0,148502.0,148507.0,6916,441466,0,0,0.0
20150410,148922.0,149264.0,148729.0,148734.0,6916,441466,0,0,0.0
20150413,148695.0,149122.0,147905.0,148706.0,161843,441961,0,0,0.0
20150414,149206.0,150828.0,148815.0,149530.0,241916,441589,0,0,0.0
20150415,149604.0,150174.0,149014.0,149274.0,204420,447213,0,0,0.0
20150416,149547.0,150032.0,148360.0,149302.0,281931,442423,0,0,0.0
20150417,148865.0,150629.0,148559.0,150525.0,263855,440857,0,0,0.0
20150420,150002.0,150402.0,148843.0,148989.0,188547,443263,0,0,0.0
20150421,149121.0,149862.0,148474.0,148620.0,167258,437230,0,0,0.0
20150422,148694.0,149123.0,146427.0,146886.0,292644,435381,0,0,0.0
20150423,146817.0,147701.0,146513.0,147397.0,255497,440991,0,0,0.0
20150424,147044.0,148383.0,146711.0,147881.0,191074,436081,0,0,0.0
20150427,148067.0,148525.0,147309.0,148137.0,145187,425956,0,0,0.0
20150428,148124.0,148298.0,146086.0,146886.0,226667,424128,0,0,0.0
20150429,146134.0,146592.0,144352.0,145436.0,341602,430925,0,0,0.0
20150430,145338.0,145569.0,143954.0,145180.0,337752,437437,0,0,0.0
20150501,144571.0,145371.0,143215.0,143389.0,173834,432411,0,0,0.0
20150504,143434.0,143864.0,142305.0,142621.0,208670,436357,0,0,0.0
20150505,142353.0,143097.0,141338.0,141968.0,290197,438188,0,0,0.0
20150506,141784.0,142045.0,139945.0,140376.0,290718,443260,0,0,0.0
20150507,140192.0,142159.0,139177.0,141882.0,317544,457330,0,0,0.0
20150508,141670.0,143154.0,141281.0,142109.0,301215,455409,0,0,0.0
20150511,141500.0,142500.0,139007.0,139352.0,243975,455590,0,0,0.0
20150512,139197.0,140340.0,137472.0,139721.0,348315,465781,0,0,0.0
20150513,139766.0,141051.0,138353.0,138783.0,363667,464344,0,0,0.0
20150514,138970.0,139687.0,138154.0,139181.0,338468,463226,0,0,0.0
20150515,139397.0,141762.0,139348.0,141541.0,260382,468127,0,0,0.0
20150518,139596.0,139602.0,139262.0,139608.0,209855,468127,0,0,0.0
20150519,139397.0,140454.0,138153.0,139181.0,314657,473768,201509,201509,0.0
20150520,138487.0,139431.0,138153.0,138897.0,13927,24007,0,0,-1500.0
20150521,138975.0,140464.0,138814.0,140447.0,24761,30634,0,0,0.0
20150522,140181.0,140866.0,139618.0,139873.0,37877,47252,0,0,0.0
20150526,140123.0,142215.0,140019.0,142113.0,218167,66659,0,0,0.0
20150527,141990.0,142616.0,141312.0,142428.0,265264,210292,0,0,0.0
20150528,142478.0,142789.0,141915.0,142228.0,217093,367736,0,0,0.0
20150529,142506.0,143162.0,142087.0,142974.0,252204,438131,0,0,0.0
20150601,142363.0,142789.0,140709.0,140935.0,247953,447100,0,0,0.0
20150602,141186.0,141353.0,139159.0,139442.0,253144,459334,0,0,0.0
20150603,139607.0,139688.0,137149.0,137548.0,300243,466344,0,0,0.0
20150604,137597.0,139286.0,136518.0,139069.0,308635,478167,0,0,0.0
20150605,139033.0,139056.0,136891.0,137548.0,286520,482178,0,0,0.0
20150608,137482.0,138252.0,137379.0,137835.0,144340,477998,0,0,0.0
20150609,137540.0,138252.0,136288.0,137003.0,212593,475120,0,0,0.0
20150610,136650.0,136788.0,135513.0,135912.0,229123,482290,0,0,0.0
20150611,135789.0,138252.0,135541.0,138122.0,304814,488635,0,0,0.0
20150612,138171.0,139343.0,137781.0,138237.0,238238,491023,0,0,0.0
20150615,138372.0,139458.0,137982.0,138409.0,189528,482532,0,0,0.0
20150616,138458.0,139372.0,138240.0,139184.0,179041,479060,0,0,0.0
20150617,139348.0,139515.0,137408.0,138811.0,253584,478923,0,0,0.0
20150618,138400.0,139543.0,137063.0,137548.0,323260,477268,0,0,0.0
20150619,137855.0,139802.0,137809.0,139557.0,211950,476481,0,0,0.0
20150622,138515.0,139428.0,137206.0,137548.0,204666,476780,0,0,0.0
20150623,137425.0,137534.0,136115.0,136716.0,273035,480126,0,0,0.0
20150624,136736.0,137764.0,136689.0,137663.0,220070,482886,0,0,0.0
20150625,137712.0,137850.0,136775.0,137405.0,227019,478245,0,0,0.0
20150626,137109.0,137333.0,135368.0,135568.0,233824,476890,0,0,0.0
20150629,137568.0,139343.0,137091.0,138639.0,324223,471402,0,0,0.0
20150630,138659.0,139170.0,137837.0,138582.0,296002,478174,0,0,0.0
20150701,138257.0,138395.0,136344.0,136745.0,242786,477901,0,0,0.0
20150702,136649.0,137706.0,135799.0,137061.0,235669,477766,0,0,0.0
20150706,139578.0,139716.0,138181.0,139702.0,266578,481067,0,0,0.0
20150707,139377.0,141869.0,138985.0,141022.0,355021,488025,0,0,0.0
20150708,140467.0,142127.0,140449.0,141596.0,269208,496603,0,0,0.0
20150709,141702.0,142069.0,138813.0,139271.0,319468,496026,0,0,0.0
20150710,138803.0,138825.0,136918.0,136974.0,314132,492235,0,0,0.0
20150713,138086.0,138481.0,136114.0,137031.0,233852,488131,0,0,0.0
20150714,136507.0,137476.0,136459.0,137376.0,194302,490618,0,0,0.0
20150715,137282.0,138682.0,136775.0,138582.0,210109,484578,0,0,0.0
20150716,138401.0,139285.0,137809.0,139041.0,211993,479030,0,0,0.0
20150717,139033.0,139945.0,138900.0,139730.0,199931,487275,0,0,0.0
20150720,139694.0,140088.0,139072.0,139414.0,186942,496466,0,0,0.0
20150721,139608.0,140231.0,138699.0,139931.0,204115,502914,0,0,0.0
20150722,140182.0,140978.0,139991.0,140735.0,202555,507648,0,0,0.0
20150723,140698.0,142126.0,140364.0,141912.0,231769,512999,0,0,0.0
20150724,141991.0,142470.0,141828.0,142027.0,249185,522452,0,0,0.0
20150727,142134.0,143159.0,142144.0,142573.0,196080,519727,0,0,0.0
20150728,142708.0,142757.0,141799.0,142285.0,187248,515573,0,0,0.0
20150729,142191.0,142356.0,141368.0,141826.0,185940,507027,0,0,0.0
20150730,141617.0,142815.0,140937.0,142544.0,249077,509171,0,0,0.0
20150731,142622.0,143905.0,142230.0,143262.0,285714,513008,0,0,0.0
20150803,143684.0,145083.0,143435.0,144783.0,228656,519657,0,0,0.0
20150804,144832.0,145025.0,143780.0,144122.0,206900,521916,0,0,0.0
20150805,143913.0,144135.0,142603.0,143002.0,254277,522832,0,0,0.0
20150806,143024.0,144308.0,142804.0,143979.0,181354,521486,0,0,0.0
20150807,144229.0,145801.0,143665.0,145644.0,274630,515767,0,0,0.0
20150810,145722.0,145773.0,143895.0,144036.0,188469,523637,0,0,0.0
20150811,144114.0,146376.0,144068.0,145903.0,294576,521601,0,0,0.0
20150812,145808.0,147611.0,145273.0,145730.0,322518,525293,0,0,0.0
20150813,145320.0,145859.0,144670.0,145069.0,330386,520931,0,0,0.0
20150814,145061.0,145744.0,144584.0,145270.0,171888,517513,0,0,0.0
20150817,145320.0,146376.0,145245.0,146160.0,168115,510086,0,0,0.0
20150818,145779.0,146348.0,144728.0,144897.0,192440,511681,0,0,0.0
20150819,144946.0,146233.0,144183.0,145902.0,295655,514863,201512,201512,0.0
20150820,145923.0,147238.0,145877.0,147050.0,7815,11570,0,0,-1469.0
20150821,147198.0,147702.0,146659.0,147107.0,17657,15523,0,0,0.0
20150824,147720.0,149758.0,146833.0,147802.0,75613,25221,0,0,0.0
20150825,147488.0,147556.0,144804.0,144876.0,171677,59109,0,0,0.0
20150826,145952.0,146340.0,142747.0,143312.0,232893,169996,0,0,0.0
20150827,143402.0,144283.0,142804.0,144065.0,272064,288333,0,0,0.0
20150828,143576.0,144950.0,143412.0,143920.0,204237,429218,0,0,0.0
20150831,143402.0,144863.0,142775.0,143369.0,249036,474005,0,0,0.0
20150901,143721.0,143733.0,143702.0,143369.0,72,474005,0,0,0.0
20150902,143721.0,144023.0,142688.0,142789.0,186881,502086,0,0,0.0
20150903,143373.0,143356.0,143355.0,143224.0,83,502086,0,0,0.0
20150904,143373.0,144689.0,143268.0,144470.0,251884,500104,0,0,0.0
20150908,144475.0,144515.0,142515.0,142731.0,177761,497160,0,0,0.0
20150909,143142.0,143153.0,143123.0,143397.0,126,497160,0,0,0.0
20150910,142591.0,142603.0,142572.0,142586.0,57,497160,0,0,0.0
20150911,142591.0,143878.0,142456.0,143543.0,170704,497871,0,0,0.0
20150914,143402.0,144167.0,143239.0,143688.0,130329,493599,0,0,0.0
20150915,143548.0,143994.0,141124.0,141312.0,231083,501220,0,0,0.0
20150916,140968.0,140981.0,140978.0,140762.0,52,501220,0,0,0.0
20150917,142417.0,142429.0,142427.0,141978.0,97,501220,0,0,0.0
20150918,142417.0,144486.0,142398.0,144412.0,275269,500635,0,0,0.0
20150921,142736.0,142719.0,142514.0,142326.0,176154,500635,0,0,0.0
20150922,144097.0,144138.0,144107.0,144412.0,133,500635,0,0,0.0
20150923,144184.0,144195.0,144194.0,144296.0,69,500635,0,0,0.0
20150924,144938.0,144949.0,144861.0,145282.0,547,500635,0,0,0.0
20150925,144938.0,145238.0,143847.0,144123.0,254861,496324,0,0,0.0
20150928,145865.0,145847.0,145846.0,146064.0,64,496324,0,0,0.0
20150929,145865.0,146629.0,145354.0,146412.0,271079,490407,0,0,0.0
20150930,146329.0,146368.0,146310.0,145891.0,126,490407,0,0,0.0
20151001,146415.0,146426.0,146368.0,146326.0,83,490407,0,0,0.0
20151002,146415.0,148917.0,146020.0,147253.0,327364,493210,0,0,0.0
20151005,147226.0,147555.0,145672.0,145804.0,177163,504364,0,0,0.0
20151006,145835.0,146455.0,145324.0,146326.0,204448,506009,0,0,0.0
20151007,146415.0,146484.0,145295.0,146180.0,202721,504458,0,0,0.0
20151008,145778.0,146774.0,144802.0,145021.0,283312,507870,0,0,0.0
20151009,145227.0,145701.0,144484.0,145485.0,219148,516355,0,0,0.0
20151012,145603.0,146455.0,145324.0,146326.0,42223,510020,0,0,0.0
20151013,146298.0,146890.0,145991.0,146355.0,165134,512934,0,0,0.0
20151014,146559.0,148106.0,146541.0,147978.0,239746,521630,0,0,0.0
20151015,148036.0,148049.0,147092.0,147167.0,192535,527201,0,0,0.0
20151016,147283.0,147730.0,146947.0,147370.0,152428,519198,0,0,0.0
20151019,146993.0,147382.0,146107.0,146848.0,180246,512740,0,0,0.0
20151020,146907.0,147092.0,145672.0,145834.0,197793,506040,0,0,0.0
20151021,145921.0,147150.0,145817.0,146877.0,188167,502298,0,0,0.0
20151022,146993.0,147469.0,146309.0,146907.0,250701,499553,0,0,0.0
20151023,146820.0,147005.0,145180.0,145718.0,258841,497074,0,0,0.0
20151026,145661.0,146686.0,145614.0,146529.0,169848,482460,0,0,0.0
20151027,146444.0,146454.0,146455.0,146529.0,88,482460,0,0,0.0
20151028,146792.0,146918.0,145817.0,146616.0,245564,482460,0,0,0.0
20151029,146357.0,146715.0,144339.0,144501.0,343193,484232,0,0,0.0
20151030,144618.0,145237.0,144369.0,145052.0,286525,481184,0,0,0.0
20151102,145285.0,145556.0,144282.0,144414.0,202433,472444,0,0,0.0
20151103,144705.0,144889.0,143239.0,143371.0,202204,480946,0,0,0.0
20151104,143546.0,143962.0,143094.0,143429.0,236522,489298,0,0,0.0
20151105,143459.0,143614.0,142514.0,142878.0,263055,483885,0,0,0.0
20151106,143053.0,143296.0,140746.0,141227.0,354108,483071,0,0,0.0
20151109,140765.0,140949.0,140689.0,141024.0,251284,483071,0,0,0.0
20151110,140910.0,141731.0,140776.0,141488.0,218917,482992,0,0,0.0
20151111,141113.0,141355.0,140892.0,140966.0,52303,474653,0,0,0.0
20151112,141055.0,142022.0,140862.0,141720.0,263935,473276,0,0,0.0
20151113,141722.0,142456.0,141616.0,142212.0,204083,470361,0,0,0.0
20151116,142273.0,142340.0,142167.0,142096.0,184936,470361,0,0,0.0
20151117,142243.0,142891.0,141472.0,142647.0,240775,461100,0,0,0.0
20151118,142533.0,142834.0,142052.0,142647.0,196893,457826,0,0,0.0
20151119,142562.0,143674.0,142486.0,143430.0,224153,457854,201603,201603,0.0
20151120,143286.0,143761.0,143124.0,143198.0,63945,23590,0,0,-1375.0
20151123,143199.0,143995.0,142656.0,143695.0,169604,72915,0,0,0.0
20151124,143871.0,144433.0,143475.0,143724.0,235405,195047,0,0,0.0
20151125,143667.0,144287.0,143563.0,143958.0,187781,343736,0,0,0.0
20151127,143959.0,144550.0,143884.0,143929.0,87169,424427,0,0,0.0
20151130,143930.0,144433.0,143650.0,144075.0,201516,445568,0,0,0.0
20151201,144398.0,146070.0,143767.0,145800.0,258260,482041,0,0,0.0
20151202,146006.0,146158.0,145346.0,146034.0,224055,497819,0,0,0.0
20151203,145859.0,145983.0,141954.0,142292.0,379422,507161,0,0,0.0
20151204,142731.0,144053.0,141632.0,143870.0,338052,504946,0,0,0.0
20151207,143754.0,145661.0,143503.0,145273.0,234404,501962,0,0,0.0
20151208,144982.0,145895.0,144731.0,144864.0,239967,509923,0,0,0.0
20151209,145099.0,145719.0,143853.0,145449.0,262500,513807,0,0,0.0
20151210,145070.0,145602.0,144965.0,145127.0,198521,515183,0,0,0.0
20151211,145157.0,147356.0,145140.0,147086.0,257981,513511,0,0,0.0
20151214,147087.0,147210.0,145111.0,145420.0,218389,517414,0,0,0.0
20151215,145567.0,145866.0,144029.0,144747.0,192751,518495,0,0,0.0
20151216,144865.0,145339.0,143707.0,144571.0,193198,516214,0,0,0.0
20151217,144368.0,146041.0,144350.0,145857.0,219261,512859,0,0,0.0
20151218,145946.0,146685.0,145841.0,146296.0,171299,517320,0,0,0.0
20151221,146151.0,146772.0,145900.0,146004.0,131208,519996,0,0,0.0
20151222,146268.0,146363.0,145022.0,145068.0,117356,517388,0,0,0.0
20151223,145216.0,145223.0,143852.0,144307.0,133793,514314,0,0,0.0
20151228,145479.0,145486.0,145401.0,145593.0,109312,514314,0,0,0.0
20151229,145479.0,145720.0,143267.0,143400.0,136277,505973,0,0,0.0
20151230,143579.0,143791.0,142916.0,143371.0,142619,504900,0,0,0.0
20151231,143579.0,143996.0,143355.0,143839.0,102212,504199,0,0,0.0
20160101,143579.0,143996.0,143355.0,143839.0,102212,504199,0,0,0.0
20160104,144456.0,144464.0,144291.0,144307.0,217898,504199,0,0,0.0
20160105,144339.0,144610.0,143647.0,143781.0,209811,490489,0,0,0.0
20160106,144047.0,145662.0,143823.0,145564.0,261777,491088,0,0,0.0
20160107,145508.0,146655.0,144876.0,145944.0,303183,495712,0,0,0.0
20160108,145889.0,146626.0,144496.0,146295.0,318109,493130,0,0,0.0
20160111,146591.0,146948.0,145344.0,145739.0,229516,497527,0,0,0.0
20160112,145451.0,147737.0,145051.0,147406.0,353316,501259,0,0,0.0
20160113,147293.0,148847.0,146630.0,148312.0,374113,508114,0,0,0.0
20160114,147497.0,148555.0,146835.0,147318.0,333207,510735,0,0,0.0
20160115,147410.0,149431.0,147303.0,148867.0,360833,513884,0,0,0.0
20160119,148959.0,149373.0,147858.0,149101.0,264915,527932,0,0,0.0
20160120,148637.0,151127.0,148590.0,150095.0,376616,528120,0,0,0.0
20160121,150128.0,150717.0,149028.0,149276.0,343336,534892,0,0,0.0
20160122,149104.0,149519.0,148005.0,148778.0,260642,533104,0,0,0.0
20160125,148695.0,149724.0,148531.0,149334.0,180057,533447,0,0,0.0
20160126,149747.0,150484.0,149204.0,149831.0,187069,532494,0,0,0.0
20160127,149834.0,150075.0,148736.0,149685.0,196119,533153,0,0,0.0
20160128,149571.0,150279.0,148882.0,149744.0,276093,529418,0,0,0.0
20160129,149864.0,151390.0,149613.0,150650.0,319111,529269,0,0,0.0
20160201,150858.0,151244.0,150140.0,150182.0,217490,532929,0,0,0.0
20160202,150536.0,152968.0,150520.0,152521.0,286318,535580,0,0,0.0
20160203,152905.0,153612.0,151719.0,151907.0,384399,545301,0,0,0.0
20160204,151765.0,152706.0,151251.0,152258.0,297601,542351,0,0,0.0
20160205,152672.0,153116.0,151690.0,152726.0,349290,547221,0,0,0.0
20160208,152964.0,155396.0,152392.0,155328.0,351152,552536,0,0,0.0
20160209,155011.0,156477.0,154614.0,155416.0,367895,559490,0,0,0.0
20160210,155537.0,157062.0,154614.0,156294.0,323201,560568,0,0,0.0
20160211,157028.0,159781.0,156895.0,157492.0,552451,558498,0,0,0.0
20160212,157379.0,157763.0,155462.0,155738.0,334432,558416,0,0,0.0
20160216,154923.0,154957.0,154702.0,155036.0,321295,558416,0,0,0.0
20160217,155098.0,155630.0,153386.0,153955.0,299120,555138,0,0,0.0
20160218,153958.0,155835.0,153766.0,155387.0,265423,546435,201606,201606,0.0
20160219,155829.0,156391.0,155140.0,155943.0,5988,16282,0,0,-1438.0
20160222,155564.0,155890.0,155583.0,155560.0,61776,16282,0,0,0.0
20160223,155829.0,156745.0,154256.0,156090.0,162116,68449,0,0,0.0
20160224,156448.0,158013.0,155672.0,156031.0,292868,171013,0,0,0.0
20160225,155770.0,157187.0,155554.0,156650.0,316690,327321,0,0,0.0
20160226,156242.0,156273.0,154757.0,155028.0,224288,468999,0,0,0.0
20160229,154974.0,155595.0,154933.0,155264.0,254961,501267,0,0,0.0
20160301,155328.0,155979.0,153016.0,153200.0,298250,512612,0,0,0.0
20160302,153381.0,153738.0,152927.0,153494.0,260290,511916,0,0,0.0
20160303,153676.0,154622.0,153281.0,154261.0,215868,509222,0,0,0.0
20160304,154177.0,154622.0,152544.0,153111.0,284128,506724,0,0,0.0
20160307,153293.0,153295.0,152603.0,153170.0,164531,505273,0,0,0.0
20160308,153175.0,155536.0,153075.0,154703.0,254314,506079,0,0,0.0
20160309,154738.0,154769.0,153399.0,153671.0,221763,512543,0,0,0.0
20160310,154148.0,154593.0,152515.0,153228.0,334939,514201,0,0,0.0
20160311,153263.0,153620.0,151925.0,152137.0,213888,515476,0,0,0.0
20160314,152114.0,152912.0,151896.0,152373.0,150260,506382,0,0,0.0
20160315,152438.0,153413.0,152161.0,152580.0,173083,500096,0,0,0.0
20160316,152320.0,153059.0,152014.0,152403.0,244248,497477,0,0,0.0
20160317,152969.0,154061.0,152633.0,153553.0,242190,493937,0,0,0.0
20160318,153677.0,154504.0,153577.0,154025.0,176111,496386,0,0,0.0
20160321,154031.0,154150.0,152544.0,152609.0,175907,494222,0,0,0.0
20160322,152792.0,153796.0,152573.0,152785.0,207947,489526,0,0,0.0
20160323,152645.0,154356.0,152455.0,154289.0,201961,491880,0,0,0.0
20160324,154090.0,155034.0,153370.0,153846.0,184995,501174,0,0,0.0
20160328,154061.0,154149.0,153989.0,154318.0,101881,501174,0,0,0.0
20160329,154002.0,155446.0,153842.0,155232.0,204270,499362,0,0,0.0
20160330,155329.0,155357.0,153577.0,154259.0,244876,504529,0,0,0.0
20160331,154385.0,155446.0,154138.0,155173.0,230147,503086,0,0,0.0
20160401,155299.0,155977.0,154816.0,155114.0,246466,506641,0,0,0.0
20160404,155623.0,155859.0,155052.0,155379.0,133815,510092,0,0,0.0
20160405,155712.0,157068.0,155672.0,156854.0,202420,510389,0,0,0.0
20160406,156862.0,156832.0,155731.0,156028.0,176051,517080,0,0,0.0
20160407,156007.0,157746.0,155849.0,157591.0,190761,514892,0,0,0.0
20160408,157688.0,157657.0,156468.0,156825.0,162121,519794,0,0,0.0
20160411,156715.0,156890.0,156675.0,156736.0,155022,519794,0,0,0.0
20160412,156656.0,156802.0,155613.0,155733.0,181691,518520,0,0,0.0
20160413,155830.0,156654.0,155524.0,156529.0,196014,528853,0,0,0.0
20160414,156361.0,156684.0,155406.0,155999.0,234805,536691,0,0,0.0
20160415,155889.0,157126.0,155760.0,156765.0,177817,542508,0,0,0.0
20160418,157069.0,157303.0,155584.0,156057.0,193044,546517,0,0,0.0
20160419,156213.0,156212.0,155171.0,155763.0,205911,537408,0,0,0.0
20160420,155801.0,156536.0,154080.0,154199.0,277307,541681,0,0,0.0
20160421,153678.0,153647.0,153637.0,153521.0,138,541681,0,0,0.0
20160422,153678.0,153883.0,152989.0,153314.0,198429,527610,0,0,0.0
20160425,152793.0,152822.0,152576.0,152813.0,171544,527610,0,0,0.0
20160426,152646.0,153029.0,151928.0,152135.0,215986,521658,0,0,0.0
20160427,152174.0,153559.0,152135.0,153521.0,216484,518404,0,0,0.0
20160428,153442.0,154267.0,152931.0,153580.0,236636,518590,0,0,0.0
20160429,153914.0,154267.0,152725.0,154111.0,275484,518313,0,0,0.0
20160502,153855.0,154296.0,152843.0,153049.0,183418,508859,0,0,0.0
20160503,152824.0,155034.0,152843.0,154612.0,266192,508777,0,0,0.0
20160504,154623.0,155388.0,154259.0,155113.0,204556,506580,0,0,0.0
20160505,155302.0,156332.0,154760.0,156086.0,217784,507578,0,0,0.0
20160506,156068.0,157098.0,155615.0,155732.0,260937,513511,0,0,0.0
20160509,155774.0,156450.0,155468.0,156145.0,175451,513607,0,0,0.0
20160510,156452.0,156568.0,155911.0,156234.0,196344,514905,0,0,0.0
20160511,156246.0,157245.0,156058.0,156824.0,203672,516625,0,0,0.0
20160512,156865.0,157009.0,155763.0,156116.0,250339,526101,0,0,0.0
20160513,156275.0,157393.0,156235.0,157325.0,256263,525277,0,0,0.0
20160516,156334.0,156361.0,156235.0,156234.0,187682,525277,0,0,0.0
20160517,156246.0,156862.0,155911.0,156410.0,224719,523541,0,0,0.0
20160518,156157.0,156361.0,153964.0,154051.0,365410,526788,0,0,0.0
20160519,154476.0,155270.0,154082.0,155083.0,259843,517806,201609,201609,0.0
20160520,154918.0,155299.0,154407.0,155024.0,9915,14090,0,0,-1406.0
20160523,155245.0,155418.0,155270.0,155232.0,58454,14090,0,0,0.0
20160524,155393.0,155656.0,154258.0,154815.0,163720,59006,0,0,0.0
20160525,154917.0,155120.0,154347.0,154399.0,249647,169540,0,0,0.0
20160526,154560.0,155358.0,154377.0,155321.0,227437,326725,0,0,0.0
20160527,155065.0,155328.0,154675.0,155083.0,183690,438397,0,0,0.0
