Date,Open,High,Low,Close,Volume,OI,P,R,RINFO
20140603,31100.0,31200.0,30550.0,30625.0,114203,192073,0,0,0.0
20140604,30625.0,30975.0,30538.0,30725.0,86239,187479,0,0,0.0
20140605,30675.0,30863.0,30250.0,30288.0,93976,183050,0,0,0.0
20140606,30275.0,30976.0,30150.0,30913.0,128044,175841,0,0,0.0
20140609,30913.0,31314.0,30375.0,30625.0,133613,168194,0,0,0.0
20140610,30738.0,30801.0,29963.0,30063.0,134744,160999,0,0,0.0
20140611,30150.0,30426.0,29425.0,29463.0,156278,146503,0,0,0.0
20140612,29400.0,29676.0,29200.0,29263.0,132007,129263,0,0,0.0
20140613,29275.0,29726.0,29175.0,29301.0,154435,113862,0,0,0.0
20140616,29300.0,29739.0,29013.0,29051.0,103253,107671,0,0,0.0
20140617,29050.0,29239.0,28838.0,29089.0,134805,93721,0,0,0.0
20140618,29100.0,29902.0,29076.0,29352.0,120199,82354,0,0,0.0
20140619,29313.0,29827.0,29289.0,29677.0,105909,74867,201409,201409,0.0
20140620,29663.0,29727.0,29151.0,29227.0,95089,174744,0,0,437.5
20140623,29232.0,29616.0,28929.0,29018.0,109688,177758,0,0,0.0
20140624,29035.0,29049.0,28535.0,28612.0,84433,181169,0,0,0.0
20140625,28579.0,28815.0,28424.0,28784.0,82280,185954,0,0,0.0
20140626,28776.0,29074.0,28559.0,28809.0,124427,188544,0,0,0.0
20140627,28813.0,29444.0,28768.0,29252.0,92686,192832,0,0,0.0
20140630,29170.0,29198.0,27955.0,28451.0,115256,193044,0,0,0.0
20140701,28456.0,28631.0,28041.0,28205.0,85529,194634,0,0,0.0
20140702,28259.0,28434.0,28016.0,28353.0,61659,196345,0,0,0.0
20140703,28395.0,28631.0,28176.0,28550.0,61879,198534,0,0,0.0
20140707,28395.0,28434.0,27388.0,27429.0,81309,197734,0,0,0.0
20140708,27459.0,27646.0,27339.0,27404.0,64574,197594,0,0,0.0
20140709,27410.0,27510.0,26982.0,27158.0,70522,198780,0,0,0.0
20140710,27201.0,27399.0,26908.0,27023.0,79438,201202,0,0,0.0
20140711,26967.0,27091.0,25861.0,25914.0,116574,202616,0,0,0.0
20140714,25932.0,26561.0,25824.0,26493.0,74441,202313,0,0,0.0
20140715,26511.0,26586.0,26132.0,26493.0,62918,203081,0,0,0.0
20140716,26462.0,26845.0,26391.0,26505.0,53031,204925,0,0,0.0
20140717,26511.0,27683.0,26145.0,27133.0,140124,201877,0,0,0.0
20140718,27226.0,27387.0,26157.0,26222.0,81648,204346,0,0,0.0
20140721,26142.0,26180.0,25800.0,26111.0,63713,203104,0,0,0.0
20140722,26093.0,26451.0,25812.0,25840.0,68059,206287,0,0,0.0
20140723,25847.0,26168.0,25627.0,26148.0,58569,208091,0,0,0.0
20140724,26143.0,26722.0,25910.0,26049.0,75497,204117,0,0,0.0
20140725,26057.0,26537.0,25935.0,26505.0,59118,202306,0,0,0.0
20140728,26513.0,26771.0,26206.0,26345.0,99660,204490,0,0,0.0
20140729,26341.0,26401.0,25541.0,25618.0,99650,202838,0,0,0.0
20140730,25688.0,26068.0,25603.0,25975.0,96511,200882,0,0,0.0
20140731,25971.0,26425.0,25788.0,26123.0,114814,196620,0,0,0.0
20140801,26168.0,26807.0,26133.0,26320.0,119885,190908,0,0,0.0
20140804,26353.0,27263.0,26318.0,26800.0,111393,187694,0,0,0.0
20140805,26797.0,27312.0,26503.0,27219.0,96737,183809,0,0,0.0
20140806,27253.0,28187.0,27230.0,27983.0,155195,179729,0,0,0.0
20140807,27992.0,28002.0,27513.0,27663.0,165430,163865,0,0,0.0
20140808,27647.0,27669.0,26897.0,27059.0,157813,150187,0,0,0.0
20140811,27031.0,27423.0,26749.0,26924.0,202059,130476,0,0,0.0
20140812,26969.0,26980.0,26281.0,26505.0,201470,111043,0,0,0.0
20140813,26501.0,26820.0,25973.0,26012.0,145816,101092,0,0,0.0
20140814,26033.0,26574.0,26010.0,26468.0,96035,93550,0,0,0.0
20140815,26378.0,27412.0,26281.0,27158.0,133847,85907,0,0,0.0
20140818,27093.0,27178.0,26626.0,26727.0,72349,79892,0,0,0.0
20140819,26662.0,27400.0,26380.0,26899.0,108754,67873,0,0,0.0
20140820,26921.0,27067.0,26318.0,26579.0,113231,56938,0,0,0.0
20140821,26588.0,27092.0,26441.0,26912.0,98488,51503,201412,201412,0.0
20140822,26908.0,27671.0,26897.0,27257.0,133299,242830,0,0,450.0
20140825,27163.0,27404.0,26776.0,26881.0,75123,245500,0,0,0.0
20140826,26836.0,27064.0,26497.0,26978.0,91775,244717,0,0,0.0
20140827,26909.0,27307.0,26691.0,27257.0,70377,246445,0,0,0.0
20140828,27261.0,28095.0,27091.0,27718.0,115028,243432,0,0,0.0
20140829,27637.0,28071.0,27200.0,27318.0,67510,242264,0,0,0.0
20140902,27285.0,27453.0,26691.0,26906.0,67510,242264,0,0,0.0
20140903,26933.0,26992.0,25928.0,25973.0,116346,248904,0,0,0.0
20140904,25988.0,26046.0,25565.0,25706.0,70783,248645,0,0,0.0
20140905,25733.0,26289.0,25601.0,25948.0,69249,248692,0,0,0.0
20140908,25951.0,26156.0,25407.0,25863.0,47679,248340,0,0,0.0
20140909,25878.0,25889.0,25359.0,25572.0,49013,249185,0,0,0.0
20140910,25636.0,25671.0,25165.0,25196.0,56581,249663,0,0,0.0
20140911,25115.0,25186.0,24377.0,24699.0,83471,250176,0,0,0.0
20140912,24654.0,24701.0,24232.0,24360.0,62606,251420,0,0,0.0
20140915,24315.0,24446.0,24038.0,24275.0,53822,251209,0,0,0.0
20140916,24194.0,24664.0,23796.0,24057.0,66854,254696,0,0,0.0
20140917,24049.0,24324.0,23954.0,24202.0,45781,254104,0,0,0.0
20140918,24061.0,24191.0,23639.0,23681.0,47118,253584,0,0,0.0
20140919,23649.0,23682.0,22960.0,23002.0,70695,252255,0,0,0.0
20140922,23091.0,23318.0,22754.0,23111.0,109348,257952,0,0,0.0
20140923,23055.0,23269.0,22827.0,23075.0,82556,259759,0,0,0.0
20140924,22958.0,23499.0,22948.0,23281.0,106497,253379,0,0,0.0
20140925,23285.0,23450.0,22597.0,22978.0,89900,257132,0,0,0.0
20140926,22921.0,23098.0,22706.0,22990.0,45393,252971,0,0,0.0
20140929,22824.0,23401.0,22803.0,23329.0,57898,253845,0,0,0.0
20140930,23333.0,23365.0,22682.0,23159.0,91099,257526,0,0,0.0
20141001,23115.0,23474.0,22755.0,23220.0,68096,257139,0,0,0.0
20141002,23151.0,23753.0,23131.0,23402.0,78693,255982,0,0,0.0
20141003,23430.0,23717.0,23167.0,23547.0,66769,252388,0,0,0.0
20141006,23539.0,23996.0,23494.0,23826.0,62196,255327,0,0,0.0
20141007,23830.0,24711.0,23712.0,24541.0,108182,247440,0,0,0.0
20141008,24594.0,24820.0,24330.0,24614.0,71482,246581,0,0,0.0
20141009,24630.0,24650.0,23845.0,23911.0,93530,244053,0,0,0.0
20141010,23927.0,24662.0,23663.0,24166.0,112735,243557,0,0,0.0
20141013,24169.0,24565.0,24014.0,24493.0,67060,241911,0,0,0.0
20141014,24496.0,24735.0,24147.0,24687.0,53887,240798,0,0,0.0
20141015,24726.0,25038.0,24305.0,24529.0,78821,236617,0,0,0.0
20141016,24544.0,25135.0,24366.0,25062.0,65316,236371,0,0,0.0
20141017,25102.0,25329.0,24851.0,25014.0,69177,232206,0,0,0.0
20141020,24969.0,25014.0,24584.0,24893.0,58146,229331,0,0,0.0
20141021,24969.0,25402.0,24826.0,25172.0,87629,229249,0,0,0.0
20141022,25260.0,25645.0,25008.0,25317.0,78436,228834,0,0,0.0
20141023,25224.0,25742.0,25166.0,25535.0,63340,230093,0,0,0.0
20141024,25479.0,26154.0,25069.0,25099.0,89146,228762,0,0,0.0
20141027,25018.0,25536.0,24742.0,25341.0,80963,226557,0,0,0.0
20141028,25479.0,25851.0,25360.0,25729.0,71609,223857,0,0,0.0
20141029,25746.0,26215.0,25566.0,26093.0,78424,219598,0,0,0.0
20141030,26098.0,26458.0,25808.0,25984.0,91340,212887,0,0,0.0
20141031,25989.0,26143.0,25348.0,25814.0,98263,208513,0,0,0.0
20141103,26001.0,26155.0,25530.0,26093.0,85872,204246,0,0,0.0
20141104,26098.0,26131.0,25639.0,25717.0,74305,201092,0,0,0.0
20141105,25795.0,25828.0,25142.0,25438.0,104093,195904,0,0,0.0
20141106,25456.0,25610.0,25203.0,25220.0,81458,192655,0,0,0.0
20141107,25238.0,25246.0,24767.0,24941.0,121148,184901,0,0,0.0
20141110,24923.0,25440.0,24779.0,25074.0,171880,163724,0,0,0.0
20141111,25117.0,25537.0,24803.0,25462.0,198876,144000,0,0,0.0
20141112,25420.0,26471.0,25336.0,26310.0,290899,121457,0,0,0.0
20141113,26281.0,27114.0,26027.0,26843.0,226277,110326,0,0,0.0
20141114,26851.0,27393.0,26609.0,27170.0,140269,105460,0,0,0.0
20141117,27118.0,27320.0,26706.0,26746.0,91595,94822,0,0,0.0
20141118,26766.0,26823.0,26379.0,26613.0,84450,89849,0,0,0.0
20141119,26621.0,26653.0,25931.0,26068.0,104203,79062,0,0,0.0
20141120,26112.0,26580.0,25786.0,26529.0,120131,68237,201503,201503,0.0
20141121,26524.0,26895.0,26271.0,26565.0,118550,207523,0,0,275.0
20141124,26524.0,26751.0,26319.0,26373.0,101548,215641,0,0,0.0
20141125,26380.0,26871.0,26199.0,26769.0,86035,220557,0,0,0.0
20141126,26812.0,27159.0,26655.0,27009.0,94641,222300,0,0,0.0
20141128,26800.0,27903.0,26763.0,27765.0,91290,230497,0,0,0.0
20141201,27748.0,29200.0,27363.0,29121.0,123997,231543,0,0,0.0
20141202,29128.0,29380.0,28635.0,28953.0,125186,230340,0,0,0.0
20141203,28948.0,29128.0,28083.0,28293.0,87960,226559,0,0,0.0
20141204,28324.0,28420.0,27711.0,28305.0,88373,226391,0,0,0.0
20141205,28276.0,28612.0,27927.0,28509.0,70467,224844,0,0,0.0
20141208,28480.0,29092.0,28215.0,28701.0,80429,223565,0,0,0.0
20141209,28612.0,28636.0,27999.0,28113.0,88712,223849,0,0,0.0
20141210,28096.0,28108.0,27603.0,27921.0,82854,222224,0,0,0.0
20141211,27988.0,28828.0,27483.0,28677.0,102809,223368,0,0,0.0
20141212,28708.0,29464.0,28479.0,29109.0,113156,221167,0,0,0.0
20141215,29068.0,29908.0,28779.0,29709.0,89405,221348,0,0,0.0
20141216,29572.0,30688.0,29511.0,29913.0,133594,218456,0,0,0.0
20141217,29944.0,31252.0,29607.0,31125.0,146417,214422,0,0,0.0
20141218,31036.0,32513.0,30987.0,31449.0,170618,210334,0,0,0.0
20141219,31396.0,31432.0,30195.0,30345.0,105938,209723,0,0,0.0
20141222,30220.0,30952.0,29799.0,30033.0,85875,206786,0,0,0.0
20141223,30004.0,30592.0,29799.0,30501.0,46550,208531,0,0,0.0
20141224,30556.0,30724.0,29091.0,29349.0,49902,203728,0,0,0.0
20141226,29500.0,29619.0,29151.0,29313.0,27696,206437,0,0,0.0
20141229,29368.0,29811.0,29175.0,29541.0,49096,203622,0,0,0.0
20141231,28876.0,29031.0,28143.0,28305.0,53499,200969,0,0,0.0
20150102,28312.0,28383.0,27579.0,27897.0,52582,202492,0,0,0.0
20150105,27832.0,28695.0,27783.0,28269.0,60768,201859,0,0,0.0
20150106,28228.0,28983.0,28119.0,28401.0,76501,201155,0,0,0.0
20150107,28528.0,28551.0,27759.0,27813.0,63480,201542,0,0,0.0
20150108,27844.0,27903.0,27147.0,27213.0,74936,198404,0,0,0.0
20150109,27268.0,27567.0,26955.0,27057.0,84799,195480,0,0,0.0
20150112,27028.0,27231.0,26583.0,26661.0,109914,191709,0,0,0.0
20150113,26668.0,27219.0,26259.0,26301.0,101174,191181,0,0,0.0
20150114,26308.0,26403.0,25719.0,25809.0,111757,192188,0,0,0.0
20150115,25948.0,26175.0,25335.0,25569.0,92240,194847,0,0,0.0
20150116,25768.0,26031.0,25491.0,25569.0,79788,195977,0,0,0.0
20150120,25552.0,25923.0,25095.0,25773.0,94783,198981,0,0,0.0
20150121,25792.0,26151.0,25695.0,25761.0,77397,200265,0,0,0.0
20150122,25756.0,26055.0,25551.0,25617.0,68046,197411,0,0,0.0
20150123,25576.0,25743.0,25251.0,25437.0,95295,194368,0,0,0.0
20150126,25480.0,25683.0,24915.0,24981.0,88151,192108,0,0,0.0
20150127,24940.0,25179.0,24831.0,24909.0,73259,189248,0,0,0.0
20150128,24916.0,24999.0,24135.0,24249.0,141254,190920,0,0,0.0
20150129,24292.0,24603.0,24027.0,24369.0,130056,192095,0,0,0.0
20150130,24388.0,24579.0,23847.0,24129.0,111001,194786,0,0,0.0
20150202,24148.0,24279.0,23619.0,23649.0,102766,198267,0,0,0.0
20150203,23692.0,24771.0,23655.0,24657.0,110704,194353,0,0,0.0
20150204,24700.0,25059.0,24351.0,24525.0,151961,192640,0,0,0.0
20150205,24544.0,25347.0,24399.0,25233.0,152041,188238,0,0,0.0
20150206,25276.0,25647.0,24783.0,25293.0,150095,175989,0,0,0.0
20150209,25300.0,25563.0,25023.0,25425.0,144202,159910,0,0,0.0
20150210,25300.0,25491.0,24879.0,25041.0,171283,140665,0,0,0.0
20150211,25000.0,25359.0,24747.0,25233.0,196170,119566,0,0,0.0
20150212,25120.0,25347.0,24867.0,25017.0,196173,105662,0,0,0.0
20150213,25000.0,25659.0,24927.0,25581.0,177097,89238,0,0,0.0
20150217,25660.0,26319.0,25515.0,25665.0,134871,78041,0,0,0.0
20150218,25780.0,26103.0,25119.0,25329.0,151421,63345,0,0,0.0
20150219,25348.0,25803.0,25131.0,25329.0,126332,56491,201505,201505,0.0
20150220,25276.0,25527.0,24651.0,24705.0,175272,190049,0,0,-387.5
20150223,24728.0,24881.0,24468.0,24559.0,129089,194511,0,0,0.0
20150224,24582.0,24893.0,24468.0,24547.0,97167,195431,0,0,0.0
20150225,24533.0,24649.0,24115.0,24230.0,88076,199507,0,0,0.0
20150226,24216.0,24430.0,23859.0,24388.0,101557,204434,0,0,0.0
20150227,24411.0,25234.0,24273.0,24997.0,97701,202593,0,0,0.0
20150302,25020.0,25283.0,24334.0,24364.0,86693,201980,0,0,0.0
20150303,24447.0,24710.0,24017.0,24656.0,87523,202743,0,0,0.0
20150304,24605.0,24661.0,24066.0,24169.0,194061,203476,0,0,0.0
20150305,24203.0,24210.0,23396.0,23414.0,169585,214552,0,0,0.0
20150306,23423.0,23662.0,23299.0,23511.0,133577,214535,0,0,0.0
20150309,23569.0,24125.0,23555.0,23876.0,102867,209592,0,0,0.0
20150310,23874.0,24210.0,23543.0,24034.0,83303,206956,0,0,0.0
20150311,24093.0,24466.0,24055.0,24314.0,119322,204386,0,0,0.0
20150312,24276.0,25026.0,24262.0,24716.0,119350,203677,0,0,0.0
20150313,24715.0,25026.0,24299.0,24460.0,93256,205534,0,0,0.0
20150316,24520.0,25136.0,24019.0,25045.0,90997,203007,0,0,0.0
20150317,25117.0,25246.0,24506.0,24533.0,85633,198574,0,0,0.0
20150318,24508.0,24978.0,24396.0,24886.0,66279,197940,0,0,0.0
20150319,25141.0,25344.0,24615.0,24947.0,100680,197675,0,0,0.0
20150320,24897.0,25856.0,24846.0,25824.0,100657,196523,0,0,0.0
20150323,25981.0,26343.0,25906.0,26019.0,81157,193612,0,0,0.0
20150324,25884.0,25917.0,25455.0,25507.0,92787,190869,0,0,0.0
20150325,25482.0,25746.0,25138.0,25288.0,72851,192057,0,0,0.0
20150326,25287.0,25600.0,24273.0,24326.0,130167,200036,0,0,0.0
20150327,24313.0,24808.0,24310.0,24740.0,92736,196488,0,0,0.0
20150330,25007.0,25880.0,24785.0,25836.0,140682,184390,0,0,0.0
20150331,25908.0,25917.0,24797.0,24935.0,182604,183064,0,0,0.0
20150401,24994.0,25783.0,24651.0,25751.0,137529,183602,0,0,0.0
20150402,25725.0,26526.0,25455.0,26129.0,161339,176154,0,0,0.0
20150406,26188.0,26502.0,25577.0,25715.0,89629,175193,0,0,0.0
20150407,25628.0,26027.0,25224.0,25630.0,149284,168662,0,0,0.0
20150408,25725.0,25869.0,25248.0,25642.0,178530,153450,0,0,0.0
20150409,25603.0,25674.0,25029.0,25277.0,170145,144098,0,0,0.0
20150410,25238.0,25711.0,25114.0,25655.0,170145,144098,0,0,0.0
20150413,25238.0,25345.0,24432.0,24474.0,103400,126694,0,0,0.0
20150414,24569.0,24675.0,24177.0,24218.0,88282,121383,0,0,0.0
20150415,24288.0,24553.0,23872.0,23914.0,69971,111056,0,0,0.0
20150416,23874.0,24150.0,23823.0,24096.0,68870,102064,0,0,0.0
20150417,24082.0,24358.0,23909.0,24096.0,44712,83658,0,0,0.0
20150420,24118.0,24334.0,23969.0,24304.0,49287,73345,0,0,0.0
20150421,24289.0,24687.0,24079.0,24401.0,39808,62486,201507,201507,0.0
20150422,24375.0,24614.0,24164.0,24340.0,47700,259612,0,0,-25.0
20150423,24351.0,24687.0,24347.0,24450.0,58264,261613,0,0,0.0
20150424,24460.0,24529.0,23774.0,23828.0,65970,260413,0,0,0.0
20150427,23826.0,23931.0,23031.0,23085.0,75417,267664,0,0,0.0
20150428,23168.0,23346.0,22628.0,23231.0,88286,273909,0,0,0.0
20150429,23217.0,23614.0,23128.0,23584.0,61458,273963,0,0,0.0
20150430,23607.0,23846.0,23006.0,23121.0,74399,276039,0,0,0.0
20150501,23217.0,23383.0,22835.0,23121.0,47839,278214,0,0,0.0
20150504,22973.0,23151.0,22749.0,23061.0,38874,277595,0,0,0.0
20150505,22986.0,23066.0,22469.0,22756.0,52214,276880,0,0,0.0
20150506,22840.0,23530.0,22798.0,23378.0,73645,282406,0,0,0.0
20150507,23437.0,23615.0,22981.0,23061.0,58663,278406,0,0,0.0
20150508,22998.0,23566.0,22993.0,23487.0,36946,280378,0,0,0.0
20150511,23559.0,23627.0,23225.0,23463.0,48422,281813,0,0,0.0
20150512,23461.0,23956.0,23310.0,23439.0,101783,279826,0,0,0.0
20150513,23449.0,23736.0,22969.0,23488.0,67036,277245,0,0,0.0
20150514,23485.0,25139.0,23445.0,25086.0,142026,280193,0,0,0.0
20150515,25119.0,25359.0,24676.0,24927.0,93322,273605,0,0,0.0
20150518,24924.0,25871.0,24774.0,25452.0,86568,269573,0,0,0.0
20150519,25351.0,25603.0,24567.0,24891.0,82376,263676,0,0,0.0
20150520,24924.0,25164.0,24530.0,25025.0,79523,261907,0,0,0.0
20150521,25095.0,25761.0,24920.0,25464.0,88049,261576,0,0,0.0
20150522,25436.0,25810.0,24920.0,25135.0,73864,258307,0,0,0.0
20150526,25132.0,25359.0,23993.0,24074.0,100586,253143,0,0,0.0
20150527,24193.0,24212.0,23505.0,23794.0,101363,248426,0,0,0.0
20150528,23852.0,24139.0,23554.0,23843.0,78454,239974,0,0,0.0
20150529,23803.0,23871.0,23139.0,23269.0,79429,234095,0,0,0.0
20150601,23315.0,24175.0,23115.0,24087.0,87916,233593,0,0,0.0
20150602,24157.0,25041.0,24042.0,25001.0,93968,230172,0,0,0.0
20150603,25059.0,25675.0,24786.0,24916.0,114560,219756,0,0,0.0
20150604,24876.0,25577.0,24578.0,25550.0,98434,212631,0,0,0.0
20150605,25608.0,26052.0,25163.0,25220.0,142747,207461,0,0,0.0
20150608,25218.0,25992.0,25163.0,25757.0,101076,188463,0,0,0.0
20150609,25730.0,26212.0,25553.0,25965.0,109603,181394,0,0,0.0
20150610,26011.0,26224.0,24992.0,25050.0,153035,174264,0,0,0.0
20150611,25072.0,25151.0,24504.0,24599.0,93411,155831,0,0,0.0
20150612,24584.0,24920.0,24406.0,24575.0,57435,147818,0,0,0.0
20150615,24572.0,24578.0,23699.0,23868.0,83328,143004,0,0,0.0
20150616,23852.0,24151.0,23748.0,23844.0,63111,132377,0,0,0.0
20150617,23938.0,24383.0,23883.0,23966.0,63795,121823,0,0,0.0
20150618,23974.0,24297.0,23761.0,23807.0,57597,111651,0,0,0.0
20150619,23779.0,24017.0,23578.0,23831.0,56843,105753,201509,201509,0.0
20150622,23792.0,24627.0,23761.0,24490.0,54229,205470,0,0,200.0
20150623,24505.0,25558.0,24498.0,25506.0,82287,208886,0,0,0.0
20150624,25534.0,25909.0,25115.0,25325.0,80761,215124,0,0,0.0
20150625,25292.0,26090.0,25067.0,26038.0,74014,217099,0,0,0.0
20150626,26054.0,27687.0,25925.0,27490.0,174206,220153,0,0,0.0
20150629,27239.0,28631.0,27219.0,28240.0,148955,216541,0,0,0.0
20150630,28219.0,29890.0,27848.0,29801.0,146074,221642,0,0,0.0
20150701,29730.0,29769.0,27860.0,28482.0,126141,224392,0,0,0.0
20150702,28448.0,29091.0,27763.0,28579.0,82676,221756,0,0,0.0
20150706,28279.0,29031.0,27679.0,28821.0,94896,223594,0,0,0.0
20150707,28690.0,28716.0,27969.0,28325.0,86637,228189,0,0,0.0
20150708,28267.0,28474.0,27715.0,27949.0,60131,227411,0,0,0.0
20150709,27892.0,28389.0,27824.0,27973.0,62449,228610,0,0,0.0
20150710,27916.0,28474.0,27497.0,27876.0,81263,228675,0,0,0.0
20150713,27795.0,27917.0,27400.0,27864.0,56395,227754,0,0,0.0
20150714,27819.0,28195.0,27533.0,27634.0,60667,229106,0,0,0.0
20150715,27553.0,27578.0,27013.0,27429.0,70540,228370,0,0,0.0
20150716,27456.0,27783.0,27158.0,27211.0,60861,228460,0,0,0.0
20150717,27178.0,27191.0,26408.0,26811.0,63046,222384,0,0,0.0
20150720,26754.0,26767.0,25658.0,25783.0,62785,222864,0,0,0.0
20150721,25811.0,26029.0,25332.0,25396.0,67059,220373,0,0,0.0
20150722,25351.0,25569.0,24921.0,25009.0,69472,218902,0,0,0.0
20150723,25001.0,25508.0,24981.0,25238.0,50955,217588,0,0,0.0
20150724,25195.0,25351.0,24642.0,24767.0,52519,215380,0,0,0.0
20150727,24723.0,24770.0,24243.0,24319.0,59852,210017,0,0,0.0
20150728,24312.0,24806.0,24267.0,24719.0,76714,207571,0,0,0.0
20150729,24772.0,24806.0,23964.0,24017.0,65484,198812,0,0,0.0
20150730,23986.0,24431.0,23880.0,24029.0,65935,199163,0,0,0.0
20150731,24034.0,24370.0,23977.0,24163.0,61724,197748,0,0,0.0
20150803,24058.0,24286.0,23723.0,24150.0,55075,195916,0,0,0.0
20150804,24142.0,24528.0,23760.0,23884.0,60957,194281,0,0,0.0
20150805,23913.0,24419.0,23796.0,24295.0,64486,192355,0,0,0.0
20150806,24287.0,24879.0,24099.0,24537.0,87862,190593,0,0,0.0
20150807,24566.0,24879.0,24365.0,24706.0,78575,183007,0,0,0.0
20150810,24771.0,25653.0,24631.0,25432.0,84755,172403,0,0,0.0
20150811,25279.0,25375.0,24377.0,24549.0,92015,164007,0,0,0.0
20150812,24542.0,24915.0,23410.0,23823.0,99978,147343,0,0,0.0
20150813,23852.0,24431.0,23797.0,24355.0,69276,137868,0,0,0.0
20150814,24348.0,24794.0,24076.0,24512.0,48192,125727,0,0,0.0
20150817,24421.0,24649.0,24112.0,24222.0,39209,115763,0,0,0.0
20150818,24167.0,24359.0,23859.0,23920.0,36298,108927,0,0,0.0
20150819,23949.0,24129.0,23750.0,24017.0,37885,100701,0,0,0.0
20150820,23962.0,24577.0,23956.0,24501.0,33608,93966,201512,201512,0.0
20150821,24385.0,24528.0,23931.0,24137.0,59364,222015,0,0,263.0
20150824,24074.0,24397.0,23524.0,24329.0,80651,221925,0,0,0.0
20150825,24421.0,24720.0,23763.0,23922.0,89975,225117,0,0,0.0
20150826,24086.0,24158.0,23595.0,23671.0,64843,224030,0,0,0.0
20150827,23703.0,23966.0,23320.0,23455.0,112032,225655,0,0,0.0
20150828,23464.0,23642.0,23105.0,23168.0,74268,230849,0,0,0.0
20150831,23141.0,23307.0,22805.0,23227.0,69461,237411,0,0,0.0
20150901,23200.0,23547.0,23081.0,23287.0,72080,240746,0,0,0.0
20150902,23260.0,23475.0,22805.0,22939.0,77053,239171,0,0,0.0
20150903,22960.0,22972.0,22243.0,22281.0,85143,234555,0,0,0.0
20150904,22314.0,22505.0,22159.0,22401.0,46570,232167,0,0,0.0
20150908,22410.0,22840.0,22398.0,22748.0,51179,230601,0,0,0.0
20150909,22649.0,23043.0,22542.0,22617.0,55628,228706,0,0,0.0
20150910,22614.0,22971.0,22566.0,22892.0,40087,229765,0,0,0.0
20150911,22889.0,23258.0,22422.0,23227.0,73015,230244,0,0,0.0
20150914,23272.0,24037.0,23248.0,24006.0,78801,232416,0,0,0.0
20150915,23942.0,24109.0,23559.0,23695.0,56712,229726,0,0,0.0
20150916,23691.0,23726.0,23116.0,23384.0,56084,232899,0,0,0.0
20150917,23380.0,23463.0,22996.0,23060.0,40378,232273,0,0,0.0
20150918,23045.0,23415.0,22972.0,23312.0,43255,232287,0,0,0.0
20150921,23260.0,23918.0,22996.0,23791.0,64325,233065,0,0,0.0
20150922,23774.0,23798.0,23367.0,23731.0,50082,232754,0,0,0.0
20150923,23678.0,24360.0,23630.0,24306.0,73894,228567,0,0,0.0
20150924,24277.0,24384.0,23774.0,23816.0,53459,229576,0,0,0.0
20150925,23835.0,24456.0,23750.0,24319.0,56874,229223,0,0,0.0
20150928,24349.0,24696.0,23929.0,24211.0,65965,229954,0,0,0.0
20150929,24229.0,24421.0,23953.0,24128.0,45715,222889,0,0,0.0
20150930,24098.0,24696.0,23846.0,24559.0,100082,220991,0,0,0.0
20151001,24517.0,25092.0,24492.0,24822.0,92760,221421,0,0,0.0
20151002,24793.0,25056.0,24492.0,24583.0,61353,224811,0,0,0.0
20151005,24530.0,24816.0,24348.0,24690.0,50267,227432,0,0,0.0
20151006,24613.0,25247.0,24551.0,25205.0,67229,223350,0,0,0.0
20151007,25176.0,25463.0,24647.0,24750.0,67557,225500,0,0,0.0
20151008,24709.0,25008.0,24372.0,24498.0,65538,219228,0,0,0.0
20151009,24470.0,24888.0,24120.0,24391.0,79551,214308,0,0,0.0
20151012,24315.0,24457.0,24085.0,24271.0,42519,214075,0,0,0.0
20151013,24267.0,24996.0,24168.0,24857.0,66097,211822,0,0,0.0
20151014,24829.0,24900.0,24288.0,24343.0,54112,210881,0,0,0.0
20151015,24315.0,24565.0,24025.0,24067.0,38722,206873,0,0,0.0
20151016,24052.0,24241.0,23439.0,23577.0,87989,204630,0,0,0.0
20151019,23525.0,23642.0,23176.0,23266.0,69498,209999,0,0,0.0
20151020,23286.0,23559.0,23128.0,23529.0,44629,210223,0,0,0.0
20151021,23549.0,23834.0,23463.0,23697.0,41755,211204,0,0,0.0
20151022,23693.0,23990.0,23474.0,23505.0,48161,208080,0,0,0.0
20151023,23501.0,23666.0,23199.0,23493.0,69113,207631,0,0,0.0
20151026,23621.0,24528.0,23606.0,24379.0,106216,207091,0,0,0.0
20151027,24423.0,24815.0,24240.0,24391.0,80985,205140,0,0,0.0
20151028,24316.0,24372.0,23929.0,24235.0,70247,203826,0,0,0.0
20151029,24232.0,24791.0,24168.0,24666.0,92771,198928,0,0,0.0
20151030,24675.0,25078.0,24647.0,25001.0,82900,195251,0,0,0.0
20151102,24902.0,25043.0,24253.0,24330.0,68940,190860,0,0,0.0
20151103,24303.0,24767.0,24205.0,24737.0,60701,185714,0,0,0.0
20151104,24710.0,25426.0,24325.0,25204.0,110628,184108,0,0,0.0
20151105,25106.0,25342.0,24899.0,25204.0,113598,182663,0,0,0.0
20151106,25117.0,25198.0,24779.0,25060.0,89754,172176,0,0,0.0
20151109,24925.0,24971.0,23989.0,24030.0,127682,157627,0,0,0.0
20151110,24039.0,24144.0,23354.0,23503.0,128994,146742,0,0,0.0
20151111,23512.0,23857.0,23450.0,23695.0,80575,135643,0,0,0.0
20151112,23704.0,23977.0,23570.0,23850.0,83535,121083,0,0,0.0
20151113,23764.0,23942.0,23511.0,23743.0,49190,110358,0,0,0.0
20151116,23692.0,23858.0,23451.0,23659.0,40098,104260,0,0,0.0
20151117,23632.0,23666.0,23188.0,23348.0,66228,100893,0,0,0.0
20151118,23345.0,23487.0,22997.0,23145.0,45924,89263,0,0,0.0
20151119,23142.0,23607.0,23045.0,23504.0,40500,81915,201603,201603,0.0
20151120,23441.0,23714.0,23297.0,23420.0,48975,193487,0,0,50.0
20151123,23286.0,23894.0,23213.0,23791.0,75196,193781,0,0,0.0
20151124,23740.0,23774.0,23297.0,23348.0,71565,197981,0,0,0.0
20151125,23345.0,23546.0,23273.0,23300.0,68620,205985,0,0,0.0
20151127,23297.0,23307.0,22831.0,22894.0,56487,214388,0,0,0.0
20151130,22795.0,22972.0,22688.0,22727.0,98673,224646,0,0,0.0
20151201,22652.0,22961.0,22485.0,22536.0,68047,225305,0,0,0.0
20151202,22533.0,22638.0,22234.0,22333.0,64591,233912,0,0,0.0
20151203,22318.0,23140.0,22258.0,22883.0,73820,240417,0,0,0.0
20151204,22915.0,23188.0,22844.0,23157.0,49650,231169,0,0,0.0
20151207,23321.0,23570.0,23023.0,23074.0,77073,226376,0,0,0.0
20151208,22986.0,23140.0,22760.0,23014.0,46988,216353,0,0,0.0
20151209,23010.0,23487.0,22999.0,23409.0,53898,216612,0,0,0.0
20151210,23368.0,23809.0,23190.0,23683.0,53588,211782,0,0,0.0
20151211,23667.0,23809.0,23286.0,23444.0,44772,206249,0,0,0.0
20151214,23487.0,23761.0,23322.0,23587.0,35505,202616,0,0,0.0
20151215,23463.0,23809.0,23226.0,23623.0,47874,201236,0,0,0.0
20151216,23571.0,23761.0,23083.0,23109.0,54919,196877,0,0,0.0
20151217,23069.0,23343.0,22558.0,23133.0,71392,196406,0,0,0.0
20151218,23224.0,23856.0,22975.0,23265.0,70256,199073,0,0,0.0
20151221,23224.0,23474.0,22844.0,22894.0,43026,193287,0,0,0.0
20151222,22937.0,23080.0,22510.0,22548.0,43350,196742,0,0,0.0
20151223,22579.0,22709.0,22354.0,22440.0,39047,205243,0,0,0.0
20151228,22364.0,22589.0,22258.0,22297.0,29276,215761,0,0,0.0
20151229,22340.0,22793.0,22306.0,22740.0,34608,216050,0,0,0.0
20151230,22770.0,22924.0,22414.0,22453.0,39744,214801,0,0,0.0
20151231,22448.0,22589.0,22390.0,22464.0,22163,219022,0,0,0.0
20160104,22591.0,22637.0,21781.0,21903.0,75993,220137,0,0,0.0
20160105,21994.0,22219.0,21900.0,22046.0,48052,238128,0,0,0.0
20160106,22042.0,22267.0,21817.0,22118.0,43806,241992,0,0,0.0
20160107,22173.0,22422.0,21793.0,22392.0,61291,243337,0,0,0.0
20160108,22377.0,22948.0,22330.0,22870.0,80603,244784,0,0,0.0
20160111,22998.0,23020.0,22282.0,22416.0,69330,232786,0,0,0.0
20160112,22472.0,23104.0,22091.0,23002.0,107198,231835,0,0,0.0
20160113,22961.0,23152.0,22760.0,22846.0,61664,227687,0,0,0.0
20160114,22842.0,22853.0,22354.0,22404.0,58791,221739,0,0,0.0
20160115,22400.0,22686.0,22211.0,22643.0,49801,225976,0,0,0.0
20160119,22698.0,22901.0,22474.0,22678.0,50811,226576,0,0,0.0
20160120,22602.0,22734.0,22319.0,22535.0,54988,223170,0,0,0.0
20160121,22602.0,22949.0,22474.0,22702.0,64419,223727,0,0,0.0
20160122,22721.0,22949.0,22570.0,22726.0,46625,220253,0,0,0.0
20160125,22745.0,23129.0,22713.0,23013.0,67725,214176,0,0,0.0
20160126,23008.0,23356.0,22832.0,23169.0,67694,206883,0,0,0.0
20160127,23164.0,23225.0,22617.0,22774.0,74816,202666,0,0,0.0
20160128,22793.0,22806.0,22474.0,22571.0,50687,207363,0,0,0.0
20160129,22567.0,22938.0,22486.0,22906.0,60420,210673,0,0,0.0
20160201,22758.0,22806.0,22510.0,22715.0,52421,208395,0,0,0.0
20160202,22734.0,23093.0,22606.0,22715.0,79546,208609,0,0,0.0
20160203,22734.0,22973.0,22665.0,22942.0,73153,203902,0,0,0.0
20160204,22889.0,23069.0,22569.0,22596.0,80096,198338,0,0,0.0
20160205,22639.0,22663.0,22235.0,22309.0,119780,192984,0,0,0.0
20160208,22268.0,22412.0,21853.0,21914.0,102088,184016,0,0,0.0
20160209,21922.0,22006.0,21734.0,21866.0,88717,180974,0,0,0.0
20160210,21874.0,22126.0,21806.0,22046.0,93320,176080,0,0,0.0
20160211,22005.0,22269.0,21866.0,21903.0,101343,154174,0,0,0.0
20160212,21922.0,22089.0,21734.0,21867.0,67343,152560,0,0,0.0
20160216,21994.0,22232.0,21961.0,22190.0,74440,146758,0,0,0.0
20160217,22161.0,22471.0,22092.0,22393.0,65578,131760,0,0,0.0
20160218,22400.0,22412.0,22057.0,22095.0,82881,125147,0,0,0.0
20160219,22077.0,22197.0,21973.0,22071.0,50196,110807,201605,201605,0.0
20160222,22029.0,22208.0,21901.0,21939.0,63214,188362,0,0,250.0
20160223,21923.0,22042.0,21512.0,21549.0,90775,203595,0,0,0.0
20160224,21533.0,21581.0,21098.0,21336.0,91989,221658,0,0,0.0
20160225,21391.0,21569.0,21240.0,21466.0,62484,229440,0,0,0.0
20160226,21509.0,21581.0,21216.0,21384.0,63093,235700,0,0,0.0
20160229,21521.0,21592.0,21287.0,21431.0,47896,237621,0,0,0.0
20160301,21426.0,21510.0,21051.0,21088.0,57559,236337,0,0,0.0
20160302,21142.0,21356.0,20898.0,21289.0,57425,243908,0,0,0.0
20160303,21260.0,21853.0,21216.0,21738.0,85020,245232,0,0,0.0
20160304,21720.0,21971.0,21547.0,21785.0,64053,237144,0,0,0.0
20160307,21980.0,22160.0,21796.0,21880.0,57547,236801,0,0,0.0
20160308,21815.0,22030.0,21595.0,21998.0,50894,230971,0,0,0.0
20160309,21980.0,22160.0,21784.0,22140.0,54405,229039,0,0,0.0
20160310,22122.0,22586.0,21973.0,22553.0,75540,227330,0,0,0.0
20160311,22512.0,22633.0,22280.0,22494.0,55321,219139,0,0,0.0
20160314,22488.0,22680.0,22340.0,22636.0,42403,217022,0,0,0.0
20160315,22618.0,22669.0,22351.0,22565.0,38845,210273,0,0,0.0
20160316,22536.0,22562.0,22198.0,22258.0,38411,208299,0,0,0.0
20160317,22287.0,22515.0,21749.0,21867.0,83935,207561,0,0,0.0
20160318,21885.0,21960.0,21619.0,21891.0,38273,211824,0,0,0.0
20160321,22157.0,22326.0,21915.0,22056.0,57570,214206,0,0,0.0
20160322,22050.0,22255.0,21891.0,22068.0,46128,213835,0,0,0.0
20160323,22097.0,22137.0,21855.0,21890.0,32741,216750,0,0,0.0
20160324,21908.0,21971.0,21666.0,21890.0,36972,216817,0,0,0.0
20160328,22015.0,22575.0,21902.0,22268.0,60748,215003,0,0,0.0
20160329,22263.0,22586.0,22233.0,22540.0,47150,210660,0,0,0.0
20160330,22499.0,22586.0,21879.0,21937.0,72763,205650,0,0,0.0
20160331,21932.0,22468.0,21513.0,22386.0,111472,202738,0,0,0.0
20160401,22370.0,22528.0,22033.0,22493.0,56736,203082,0,0,0.0
20160404,22500.0,22658.0,22222.0,22446.0,50029,199732,0,0,0.0
20160405,22453.0,22540.0,22210.0,22410.0,40089,198529,0,0,0.0
20160406,22358.0,22410.0,21808.0,21890.0,73523,196201,0,0,0.0
20160407,21885.0,22008.0,21584.0,21606.0,71619,201482,0,0,0.0
20160408,21625.0,21877.0,21560.0,21760.0,75063,198762,0,0,0.0
20160411,21649.0,21700.0,21075.0,21145.0,98255,184416,0,0,0.0
20160412,21176.0,21617.0,21099.0,21393.0,85740,173925,0,0,0.0
20160413,21389.0,22079.0,21264.0,21818.0,105899,158812,0,0,0.0
20160414,21814.0,22019.0,21465.0,21736.0,89398,140645,0,0,0.0
20160415,21708.0,21866.0,21489.0,21736.0,69840,128639,0,0,0.0
20160418,21826.0,22563.0,21760.0,22351.0,98618,117283,0,0,0.0
20160419,22357.0,23072.0,22256.0,22989.0,76315,97744,0,0,0.0
20160420,22948.0,23876.0,22906.0,23840.0,56219,80819,0,0,0.0
20160421,23775.0,24160.0,23190.0,23438.0,60913,69774,201607,201607,0.0
20160422,23350.0,23380.0,21996.0,22078.0,150518,233231,0,0,350.0
20160425,22080.0,22645.0,21810.0,22253.0,104990,233717,0,0,0.0
20160426,22254.0,22785.0,22066.0,22719.0,87048,238861,0,0,0.0
20160427,22650.0,22820.0,22357.0,22521.0,71226,237035,0,0,0.0
20160428,22569.0,23181.0,22415.0,22614.0,83427,235512,0,0,0.0
20160429,22546.0,22890.0,22381.0,22754.0,70758,240749,0,0,0.0
20160502,22686.0,22855.0,22404.0,22720.0,58415,240777,0,0,0.0
20160503,22697.0,22984.0,21799.0,21928.0,115484,243643,0,0,0.0
20160504,21940.0,22226.0,21822.0,21951.0,59826,243314,0,0,0.0
20160505,21963.0,22039.0,21496.0,21578.0,72893,240825,0,0,0.0
20160506,21578.0,21935.0,21507.0,21601.0,53288,241251,0,0,0.0
20160509,21613.0,21783.0,21170.0,21263.0,64161,239395,0,0,0.0
20160510,21310.0,21865.0,21193.0,21485.0,89006,243998,0,0,0.0
20160511,21531.0,21678.0,21263.0,21380.0,53685,248584,0,0,0.0
20160512,21391.0,21841.0,21286.0,21799.0,64767,246748,0,0,0.0
20160513,21810.0,22272.0,21635.0,22114.0,74783,243664,0,0,0.0
20160516,22090.0,22225.0,21763.0,22114.0,48363,239597,0,0,0.0
20160517,22032.0,22598.0,22008.0,22440.0,72298,237075,0,0,0.0
20160518,22428.0,22610.0,22205.0,22358.0,60438,231917,0,0,0.0
20160519,22299.0,22365.0,21530.0,21834.0,86369,229282,0,0,0.0
20160520,21798.0,22132.0,21612.0,21787.0,59986,233626,0,0,0.0
20160523,21716.0,21875.0,21460.0,21519.0,55795,230954,0,0,0.0
20160524,21542.0,21922.0,21309.0,21612.0,65469,234933,0,0,0.0
20160525,21623.0,21875.0,21553.0,21705.0,46823,235432,0,0,0.0
20160526,21705.0,22493.0,21669.0,22416.0,96759,237748,0,0,0.0
20160527,22427.0,22610.0,22274.0,22427.0,69938,231790,0,0,0.0
